##FastQC	0.12.1
>>Basic Statistics	pass
#Measure	Value
Filename	SRR2589044_1.fastq
File type	Conventional base calls
Encoding	Sanger / Illumina 1.9
Total Sequences	1107090
Total Bases	166 Mbp
Sequences flagged as poor quality	0
Sequence length	150
%GC	50
>>END_MODULE
>>Per base sequence quality	pass
#Base	Mean	Median	Lower Quartile	Upper Quartile	10th Percentile	90th Percentile
1	32.821840139464726	34.0	31.0	34.0	31.0	34.0
2	33.0142273889205	34.0	31.0	34.0	31.0	34.0
3	33.12146979920332	34.0	33.0	34.0	31.0	34.0
4	36.566376717340056	37.0	37.0	37.0	35.0	37.0
5	36.52300987272941	37.0	37.0	37.0	35.0	37.0
6	36.528569492995146	37.0	37.0	37.0	35.0	37.0
7	36.500307111436285	37.0	37.0	37.0	35.0	37.0
8	36.49521809428321	37.0	37.0	37.0	35.0	37.0
9	38.306862134063174	39.0	39.0	39.0	37.0	39.0
10-14	38.578459384512556	39.4	39.2	39.4	37.2	39.4
15-19	39.78953219702102	41.0	40.0	41.0	38.0	41.0
20-24	39.65734529261397	41.0	40.0	41.0	37.4	41.0
25-29	39.406846417183786	41.0	39.2	41.0	36.8	41.0
30-34	39.213125942786945	40.0	39.0	41.0	36.0	41.0
35-39	38.97399380357514	40.0	38.6	41.0	35.4	41.0
40-44	38.56683630057177	40.0	37.8	41.0	35.0	41.0
45-49	37.84495497204382	39.6	36.4	41.0	34.0	41.0
50-54	37.00459149662629	38.2	35.0	40.4	33.0	41.0
55-59	36.01808163744592	36.4	35.0	39.4	32.8	41.0
60-64	35.05382037594053	35.0	35.0	37.6	32.0	40.0
65-69	34.27207327317562	35.0	34.2	35.8	31.0	38.4
70-74	33.70382931830294	35.0	34.0	35.0	31.0	36.6
75-79	33.255242121236755	35.0	34.0	35.0	30.0	35.8
80-84	32.92317246113685	35.0	33.2	35.0	29.2	35.0
85-89	32.63320163672331	35.0	33.0	35.0	29.0	35.0
90-94	32.34160781869586	35.0	33.0	35.0	27.8	35.0
95-99	32.07739786286571	35.0	33.0	35.0	27.0	35.0
100-104	31.339699572753794	33.8	31.8	34.8	26.0	35.0
105-109	32.11113911244795	35.0	33.0	35.0	27.0	35.0
110-114	31.89066796737393	35.0	33.0	35.0	27.0	35.0
115-119	31.47048388116594	34.6	33.0	35.0	25.0	35.0
120-124	31.023145001761378	34.0	32.0	35.0	23.8	35.0
125-129	30.509188954827522	34.0	31.2	35.0	20.8	35.0
130-134	29.91843499625143	34.0	31.0	35.0	16.2	35.0
135-139	29.308473565834753	34.0	30.0	35.0	5.2	35.0
140-144	28.561218690440704	33.2	29.0	35.0	2.0	35.0
145-149	27.577741827674355	33.0	27.8	35.0	2.0	35.0
150	26.986139338265183	33.0	27.0	35.0	2.0	35.0
>>END_MODULE
>>Per tile sequence quality	pass
#Tile	Base	Mean
1101	1	-0.17814742657894556
1101	2	-0.07734542714093351
1101	3	-0.10818975638494521
1101	4	-0.060910255769194066
1101	5	-0.18264809147025574
1101	6	-0.10441719128181859
1101	7	-0.17279899016822498
1101	8	-0.0880421513525178
1101	9	-0.12439908231618091
1101	10-14	-0.15215109419558104
1101	15-19	-0.19487750201405873
1101	20-24	-0.24230852540024728
1101	25-29	-0.32950368251375295
1101	30-34	-0.4526685720124419
1101	35-39	-0.644680502386926
1101	40-44	-0.9139751187330702
1101	45-49	-1.1115612795763425
1101	50-54	-0.8537421519780679
1101	55-59	-0.48575172907595743
1101	60-64	-0.6011067332449542
1101	65-69	-0.7018796376159102
1101	70-74	-0.9053381887397691
1101	75-79	-1.207377303585087
1101	80-84	-1.40412188012656
1101	85-89	-1.7304816053527539
1101	90-94	-1.932060700825538
1101	95-99	-2.2062463254453952
1101	100-104	-2.5465610712473286
1101	105-109	-2.5905512799204153
1101	110-114	-2.856820920646836
1101	115-119	-2.975150127231018
1101	120-124	-3.151107689960501
1101	125-129	-3.363940540665734
1101	130-134	-3.4561430354418654
1101	135-139	-3.6691323089048424
1101	140-144	-3.6129304797253
1101	145-149	-3.3928985687255846
1101	150	-3.1972658843892496
1102	1	-0.21488918666089774
1102	2	-0.19352859991160898
1102	3	-0.1325532518570114
1102	4	-0.06453522868040551
1102	5	-0.12656657554860828
1102	6	-0.12730919073019464
1102	7	-0.17720280689695045
1102	8	-0.09948248705653384
1102	9	-0.12468688021080965
1102	10-14	-0.15282181268884898
1102	15-19	-0.31002571875066565
1102	20-24	-0.30612233181881265
1102	25-29	-0.4120188358199002
1102	30-34	-0.48754527696460315
1102	35-39	-0.6845947376292827
1102	40-44	-0.921575642778059
1102	45-49	-1.1633895924535267
1102	50-54	-0.9041994764591124
1102	55-59	-0.6118571159695776
1102	60-64	-0.7737209166081698
1102	65-69	-0.8381503153939107
1102	70-74	-0.9770774205344566
1102	75-79	-1.1620458681089474
1102	80-84	-1.4591375423736466
1102	85-89	-1.737001697027793
1102	90-94	-1.9666404469460943
1102	95-99	-2.305779314668982
1102	100-104	-2.68191857763372
1102	105-109	-2.760048873122276
1102	110-114	-2.9246120184488653
1102	115-119	-3.0802042391454876
1102	120-124	-3.314132769256787
1102	125-129	-3.3819096036233702
1102	130-134	-3.314961405911472
1102	135-139	-3.4056753850095696
1102	140-144	-3.4413159877140274
1102	145-149	-3.330186471691892
1102	150	-3.238537875563228
1103	1	-0.16004877661440275
1103	2	-0.1088442510192138
1103	3	-0.0969620015151591
1103	4	-0.09290898147035875
1103	5	-0.12552954962075802
1103	6	-0.08896481519536081
1103	7	-0.14855976260169257
1103	8	-0.15751998937231093
1103	9	-0.19728156231008853
1103	10-14	-0.19224101641526659
1103	15-19	-0.2885794403107482
1103	20-24	-0.35620018595588476
1103	25-29	-0.4327497383985701
1103	30-34	-0.6495473413122568
1103	35-39	-0.7678807556438016
1103	40-44	-0.8963426096867408
1103	45-49	-0.9277999741814114
1103	50-54	-0.7482083690336339
1103	55-59	-0.5141007707471275
1103	60-64	-0.5977879461530478
1103	65-69	-0.760021725943254
1103	70-74	-0.8226078431964083
1103	75-79	-1.0599657731842456
1103	80-84	-1.2617622633779462
1103	85-89	-1.4503754939277442
1103	90-94	-1.714430095213011
1103	95-99	-2.015263492414608
1103	100-104	-2.3189408443580213
1103	105-109	-2.461952086976339
1103	110-114	-2.5147183676412155
1103	115-119	-2.630009493527819
1103	120-124	-2.692731879999336
1103	125-129	-2.8208499051592817
1103	130-134	-2.934146253246791
1103	135-139	-2.9355356004427726
1103	140-144	-2.8011934060443764
1103	145-149	-2.5520722179888544
1103	150	-2.5100626697901127
1104	1	0.24027967375196368
1104	2	0.1835744624276785
1104	3	0.15211334483877437
1104	4	0.07188533130928931
1104	5	-0.05407467388314302
1104	6	-0.0029185337513126797
1104	7	0.016142485096317216
1104	8	0.06372841313477551
1104	9	0.04191625607497684
1104	10-14	-0.03032881375272467
1104	15-19	0.019354895816313444
1104	20-24	0.010582659808534345
1104	25-29	0.12510221221670292
1104	30-34	0.10196820276689778
1104	35-39	-0.05902780650448136
1104	40-44	-0.08315146656592987
1104	45-49	-0.14013756846623693
1104	50-54	-0.19982580332172972
1104	55-59	-0.10934722860680068
1104	60-64	-0.20208698518281665
1104	65-69	-0.18701549899591186
1104	70-74	-0.291757089063303
1104	75-79	-0.35878115394795174
1104	80-84	-0.34213457020138094
1104	85-89	-0.33177878410814543
1104	90-94	-0.5407515384441517
1104	95-99	-0.5978094085094732
1104	100-104	-0.7193716216056494
1104	105-109	-0.5870349091604652
1104	110-114	-0.6636698446125742
1104	115-119	-0.6232699656579364
1104	120-124	-0.7594271001840731
1104	125-129	-0.7288584755814291
1104	130-134	-0.7568977546717939
1104	135-139	-0.9608964373398372
1104	140-144	-1.0153885316167823
1104	145-149	-1.0598176933357948
1104	150	-1.1195546160968846
1105	1	0.09107367412108403
1105	2	0.12204970875468035
1105	3	0.017722636791134505
1105	4	0.004924555966653088
1105	5	-0.026949623671676193
1105	6	-0.031112177095558025
1105	7	-0.0026780920680522513
1105	8	-0.03965836019475688
1105	9	0.07893703703199861
1105	10-14	0.022811438708217224
1105	15-19	0.02716942899311192
1105	20-24	-0.008458925369509984
1105	25-29	-0.009134177954720712
1105	30-34	-0.03690175611785662
1105	35-39	-0.07716938501351223
1105	40-44	-0.043015480722857546
1105	45-49	-0.1461465049446531
1105	50-54	-0.2148675311856465
1105	55-59	-0.14591032910882973
1105	60-64	-0.26627887907415015
1105	65-69	-0.24665943569922177
1105	70-74	-0.38459193171335926
1105	75-79	-0.41459847260117755
1105	80-84	-0.6609998142485196
1105	85-89	-0.7097128787430016
1105	90-94	-0.840949902829756
1105	95-99	-1.0418114061117336
1105	100-104	-1.0743539177005523
1105	105-109	-0.9232437764672454
1105	110-114	-0.9448193344330171
1105	115-119	-0.922581816495363
1105	120-124	-0.9440882134751121
1105	125-129	-0.9756619242370022
1105	130-134	-1.0132780621598592
1105	135-139	-1.0042389780479617
1105	140-144	-0.9639606647551098
1105	145-149	-1.2546428488556387
1105	150	-1.4037119862100873
1106	1	0.10327731948528651
1106	2	0.008519747944646383
1106	3	0.046271509986894444
1106	4	0.007042832201740623
1106	5	-0.048873597216591236
1106	6	-0.058651994011199804
1106	7	-0.03509105725412809
1106	8	-0.07122920855882597
1106	9	-0.012886342505233017
1106	10-14	-0.10035115142053996
1106	15-19	-0.09329111616438723
1106	20-24	-0.08607271501391978
1106	25-29	-0.023987486398006297
1106	30-34	-0.12952926447594848
1106	35-39	-0.25174042480148273
1106	40-44	-0.23055838416359364
1106	45-49	-0.34696072432833347
1106	50-54	-0.37558363468514244
1106	55-59	-0.291866610261593
1106	60-64	-0.3109630073608258
1106	65-69	-0.28984363150362213
1106	70-74	-0.41085692473157565
1106	75-79	-0.47843137288119664
1106	80-84	-0.7099448310685901
1106	85-89	-0.7333946876841324
1106	90-94	-0.888988549685287
1106	95-99	-0.7896375575859196
1106	100-104	-1.0596381673707533
1106	105-109	-0.8932521011815595
1106	110-114	-0.9488436883031213
1106	115-119	-0.8592001721194436
1106	120-124	-0.814376106135267
1106	125-129	-1.0234466747255766
1106	130-134	-1.1664235725271723
1106	135-139	-1.3288344280944813
1106	140-144	-1.2920806890318133
1106	145-149	-1.2188100732237572
1106	150	-1.1161331722370313
1107	1	0.18130853197028074
1107	2	0.1235676673499384
1107	3	0.06353518505311939
1107	4	0.051971730126709303
1107	5	-0.009341157162182867
1107	6	-0.029233813437308243
1107	7	-0.037713721521733135
1107	8	0.015747862554654546
1107	9	-0.02659705244241195
1107	10-14	-0.056024489639440844
1107	15-19	-0.05337985474770335
1107	20-24	-0.08234181647873129
1107	25-29	-0.11461233491222345
1107	30-34	-0.1430397993312198
1107	35-39	-0.21358483002200757
1107	40-44	-0.2846805080725332
1107	45-49	-0.3090563464251517
1107	50-54	-0.2975192022613413
1107	55-59	-0.16498654707242366
1107	60-64	-0.26175700667075574
1107	65-69	-0.271985561909986
1107	70-74	-0.2839040057967779
1107	75-79	-0.30879396922615143
1107	80-84	-0.3919949432749945
1107	85-89	-0.5121618715172858
1107	90-94	-0.5023629255639044
1107	95-99	-0.4933154182788897
1107	100-104	-0.573620482387021
1107	105-109	-0.44341691770199176
1107	110-114	-0.6411487813617249
1107	115-119	-0.7462952952042983
1107	120-124	-0.7954611292181291
1107	125-129	-0.8411980983354006
1107	130-134	-0.7568606499709709
1107	135-139	-0.9434563338639208
1107	140-144	-1.1051221526481463
1107	145-149	-0.961778281884893
1107	150	-0.9382154493283892
1108	1	0.046284947064620496
1108	2	0.06427907997934312
1108	3	0.0021205949038787253
1108	4	-0.0025284491409820475
1108	5	-0.04182502306995417
1108	6	-0.02863998920928168
1108	7	-0.020956393954847385
1108	8	-0.028511649837220432
1108	9	-0.10750980509781982
1108	10-14	-0.038277548394425764
1108	15-19	-0.08003387930737205
1108	20-24	-0.09165169188768374
1108	25-29	-0.12506084026784947
1108	30-34	-0.12040165116648183
1108	35-39	-0.08352696017034589
1108	40-44	-0.1440623706638462
1108	45-49	-0.20789726875742787
1108	50-54	-0.21679776184544153
1108	55-59	-0.20744637990529213
1108	60-64	-0.2183697436402312
1108	65-69	-0.19771215627201144
1108	70-74	-0.2331950580981328
1108	75-79	-0.3403128707633698
1108	80-84	-0.4471032321648849
1108	85-89	-0.43096145023820753
1108	90-94	-0.45090133366680263
1108	95-99	-0.3770132625848994
1108	100-104	-0.4778243097522328
1108	105-109	-0.4589336568226834
1108	110-114	-0.46067719529082396
1108	115-119	-0.41897629955154514
1108	120-124	-0.47226445015211027
1108	125-129	-0.5415022931993825
1108	130-134	-0.5286248681397545
1108	135-139	-0.8354217800163859
1108	140-144	-0.9064299664786475
1108	145-149	-1.1268667392864096
1108	150	-1.2012221606625886
1109	1	0.11025133959593347
1109	2	0.10272172682978464
1109	3	0.08580170681432264
1109	4	0.05768527288685732
1109	5	0.009802212795456455
1109	6	-0.024884934327708663
1109	7	-0.002966942443556775
1109	8	0.004915287367794008
1109	9	-0.01079295749091358
1109	10-14	-0.01783634307086146
1109	15-19	-0.015542651093774396
1109	20-24	0.019106826473390015
1109	25-29	0.0051993703204260555
1109	30-34	0.04461339085307969
1109	35-39	0.06501005355276845
1109	40-44	0.15090359404189968
1109	45-49	0.07532611068297257
1109	50-54	0.1422779987030509
1109	55-59	0.26227331260530207
1109	60-64	0.18856484537472795
1109	65-69	0.11382618997783567
1109	70-74	0.08639792174774641
1109	75-79	-0.0216398521134451
1109	80-84	-0.06234887760921737
1109	85-89	-0.15426431803194163
1109	90-94	-0.05748971098169875
1109	95-99	-0.15854373357451124
1109	100-104	-0.3469641896340754
1109	105-109	0.020309718693702905
1109	110-114	0.06287351157509846
1109	115-119	0.05644164786678729
1109	120-124	-0.057811712613556665
1109	125-129	-0.06795758134125762
1109	130-134	-0.14878580684897358
1109	135-139	-0.2898817933144002
1109	140-144	-0.396950019779716
1109	145-149	-0.2575962636097877
1109	150	-0.27230898745046517
1110	1	0.20225094034724123
1110	2	0.10522509675083569
1110	3	0.07616025431534013
1110	4	0.0015484878671472302
1110	5	1.0026807123608705E-4
1110	6	-0.006824980483280285
1110	7	-0.07103178607619753
1110	8	-0.0073394292614139545
1110	9	-0.153656437628797
1110	10-14	0.013553677526743968
1110	15-19	-0.054367972735981596
1110	20-24	-0.03731729661619454
1110	25-29	-0.015301848093812964
1110	30-34	-0.03260735435064532
1110	35-39	-0.023433814199130154
1110	40-44	-0.025979100443116465
1110	45-49	-0.20736918090468492
1110	50-54	-0.21061670550509604
1110	55-59	-0.18953646354322018
1110	60-64	-0.1924595501315025
1110	65-69	-0.06403184081875679
1110	70-74	-0.006655453567191216
1110	75-79	-0.014483420227186627
1110	80-84	-0.013937353033746547
1110	85-89	-0.05317132434228
1110	90-94	-0.12272553488075744
1110	95-99	-0.16286670963068062
1110	100-104	-0.08375908973620838
1110	105-109	0.046534913100593656
1110	110-114	0.05761956017253311
1110	115-119	-0.07241243782851825
1110	120-124	0.07058283381070041
1110	125-129	0.04291781173218112
1110	130-134	-0.3166688713447776
1110	135-139	-0.28405498053885125
1110	140-144	-0.17931411643419182
1110	145-149	-0.33389631714541324
1110	150	-0.46716049416056293
1111	1	0.08799055962005298
1111	2	0.09952873218350078
1111	3	0.04144054534297226
1111	4	0.0103780372515061
1111	5	-0.05853552650443561
1111	6	-0.05456164819545961
1111	7	-0.06316196303579602
1111	8	-0.07715415918423218
1111	9	-0.10147500377619423
1111	10-14	-0.027936056350256422
1111	15-19	-0.0960580293812896
1111	20-24	-0.1605799372576513
1111	25-29	-0.16644963254678657
1111	30-34	-0.2469710799118019
1111	35-39	-0.2581862289295884
1111	40-44	-0.25116501391226365
1111	45-49	-0.12699886861830834
1111	50-54	-0.13766007816576575
1111	55-59	-0.17338792846629758
1111	60-64	-0.1285384246245016
1111	65-69	-0.03811842529210452
1111	70-74	-0.030864282513405783
1111	75-79	-0.08758212995821424
1111	80-84	-0.05970376690099499
1111	85-89	-0.0023487209103265627
1111	90-94	-0.19298789135743988
1111	95-99	-0.07015298956515892
1111	100-104	-0.11311471928183892
1111	105-109	0.06247535108966673
1111	110-114	0.14683845552215047
1111	115-119	0.19328404737481364
1111	120-124	0.11706582547608946
1111	125-129	0.032974926172844476
1111	130-134	0.004572245154736976
1111	135-139	-0.03252203216837657
1111	140-144	0.09306627297879189
1111	145-149	-0.2119837943251035
1111	150	0.046275339554782136
1112	1	0.17273710339885184
1112	2	0.09697112849686107
1112	3	0.060177872531909316
1112	4	0.04518448886440751
1112	5	-0.01306087212655882
1112	6	-0.027497132066422125
1112	7	-0.08267809206805055
1112	8	-0.06445369835473969
1112	9	-0.0378851420250399
1112	10-14	-0.026399650820302156
1112	15-19	-0.0805391353720708
1112	20-24	-0.08070896951571171
1112	25-29	-0.11682013945922165
1112	30-34	-0.12265771585650498
1112	35-39	-0.02816779574986583
1112	40-44	-0.049374230502124306
1112	45-49	-0.061963845576833876
1112	50-54	-0.00810800443304771
1112	55-59	0.013147555404678712
1112	60-64	-0.03826192692864794
1112	65-69	-0.03414423174371706
1112	70-74	-0.055382254863630465
1112	75-79	0.04971556589431003
1112	80-84	0.051804988859380785
1112	85-89	0.003173859734836526
1112	90-94	0.061999205416753966
1112	95-99	0.22935115790027183
1112	100-104	0.06614334523429122
1112	105-109	0.16170300085925504
1112	110-114	0.20807347856362668
1112	115-119	0.2850370427665112
1112	120-124	0.30915522639774906
1112	125-129	0.33878045612676644
1112	130-134	0.3618155631270916
1112	135-139	0.2945701337302431
1112	140-144	0.5308782545456161
1112	145-149	0.8155102148914857
1112	150	0.8681693487713744
1113	1	0.08596233446744606
1113	2	0.042354621281035065
1113	3	0.024923129545044276
1113	4	0.014905909328163602
1113	5	-0.0306817574841034
1113	6	-2.631447143883747E-4
1113	7	1.5959238143636867E-4
1113	8	-0.07983492099135248
1113	9	-0.04361304862468529
1113	10-14	-0.08386655531194975
1113	15-19	-0.11418233303704994
1113	20-24	-0.1423486646673311
1113	25-29	-0.206544413822769
1113	30-34	-0.10974641376473215
1113	35-39	-0.06690040479801951
1113	40-44	-0.04093797300252788
1113	45-49	-0.06468763348019024
1113	50-54	-0.016376660181379066
1113	55-59	-0.09987712434236329
1113	60-64	-0.1071025301392794
1113	65-69	-0.2663158548992257
1113	70-74	-0.2866761741112356
1113	75-79	-0.188626188605447
1113	80-84	-0.0964295498142107
1113	85-89	0.012896836871206574
1113	90-94	0.09429575154939585
1113	95-99	-0.025032237591862128
1113	100-104	0.040940815641295814
1113	105-109	0.27068266682325515
1113	110-114	0.24592202729071744
1113	115-119	0.27956430075256833
1113	120-124	0.13508381404166414
1113	125-129	0.07290323867906068
1113	130-134	0.030069689931050192
1113	135-139	0.04222636852836459
1113	140-144	-0.007061618974738337
1113	145-149	0.11271936034308183
1113	150	0.23494800938431126
1114	1	0.17509032959605975
1114	2	0.10604162837572773
1114	3	0.09615590693391596
1114	4	-0.008314017151903386
1114	5	0.012051620807305596
1114	6	-0.06453597564229341
1114	7	0.009475667117925468
1114	8	-0.006272643683011836
1114	9	-0.17180067137979904
1114	10-14	-0.07694972753838414
1114	15-19	-0.07992235430123884
1114	20-24	-0.09189107401382302
1114	25-29	0.004369362277031996
1114	30-34	-0.03839897403303638
1114	35-39	0.047642912479155086
1114	40-44	-0.02013789035837732
1114	45-49	0.11166593718986206
1114	50-54	0.24925877259998686
1114	55-59	0.15603241367811194
1114	60-64	0.16985726874283813
1114	65-69	0.12360771851066232
1114	70-74	0.10232182330805983
1114	75-79	0.11117188504152864
1114	80-84	0.1039250243919625
1114	85-89	0.10465802350775277
1114	90-94	0.16659802638098142
1114	95-99	0.17793570122579538
1114	100-104	0.16003206363855682
1114	105-109	0.26161920856336707
1114	110-114	0.3768361370470288
1114	115-119	0.45072309622690554
1114	120-124	0.37406182415274003
1114	125-129	0.5592799150624046
1114	130-134	0.47512871825913194
1114	135-139	0.5476432177971056
1114	140-144	0.5471986292528683
1114	145-149	0.7685612687556542
1114	150	0.7325944476973199
1115	1	0.12695467728364918
1115	2	0.07509013649939789
1115	3	-0.049283184436632155
1115	4	-0.03826880326775495
1115	5	0.012057264312709037
1115	6	-0.024480255432244746
1115	7	0.0059186910711588325
1115	8	-0.08027875183703514
1115	9	-0.14529438059567923
1115	10-14	-0.10100698779834971
1115	15-19	-0.15395398364082524
1115	20-24	-0.09949638731145427
1115	25-29	-0.03104601696496445
1115	30-34	-0.06450764850843171
1115	35-39	-0.026831293095561648
1115	40-44	0.05670953465119766
1115	45-49	0.07406112867243309
1115	50-54	0.050850366535982516
1115	55-59	0.005127461909708586
1115	60-64	-0.00994562869554727
1115	65-69	0.011789434368317586
1115	70-74	-0.11806546538577578
1115	75-79	0.05289623303637825
1115	80-84	0.04751442551257412
1115	85-89	0.06189034812719996
1115	90-94	0.11990479134497178
1115	95-99	0.10234765580060312
1115	100-104	0.13562183346818202
1115	105-109	0.2182649848541871
1115	110-114	0.27318369170046
1115	115-119	0.31368016137835397
1115	120-124	0.38419530246144973
1115	125-129	0.4812555056474075
1115	130-134	0.5087549181702755
1115	135-139	0.538350182854721
1115	140-144	0.43094975442676287
1115	145-149	0.4480935601097755
1115	150	0.4341238690154121
1116	1	0.1818690700868757
1116	2	0.14994358205228053
1116	3	0.06466025561967115
1116	4	0.05593144594320165
1116	5	0.06589876912904913
1116	6	0.0016290690866824775
1116	7	1.2459851490831397E-4
1116	8	0.041233040914960384
1116	9	-0.06802095240300332
1116	10-14	-0.012887286950984844
1116	15-19	-0.060504414039591836
1116	20-24	-0.07067117323128258
1116	25-29	-0.04436133100310968
1116	30-34	-0.05113817709929691
1116	35-39	0.06146256940067474
1116	40-44	-0.07025430737592586
1116	45-49	-0.05338652334749838
1116	50-54	-0.0698680300576342
1116	55-59	-0.0849598116677086
1116	60-64	-0.09583399611506138
1116	65-69	-0.023294904389459248
1116	70-74	-0.0020169761961099653
1116	75-79	-0.014175401434322055
1116	80-84	-0.06385433208873792
1116	85-89	-0.13463984942595886
1116	90-94	-0.3589826011175141
1116	95-99	-0.37997248079286905
1116	100-104	-0.32747741069139735
1116	105-109	-0.263616794143946
1116	110-114	-0.317121268393457
1116	115-119	-0.3227292608849872
1116	120-124	-0.3246578421480528
1116	125-129	-0.28542415630116835
1116	130-134	-0.25237687761602245
1116	135-139	-0.27636644538570465
1116	140-144	-0.31342770317379376
1116	145-149	-0.4945792149611705
1116	150	-0.9523194404662938
1201	1	0.19076307742482612
1201	2	0.154113985639718
1201	3	0.10251553486957476
1201	4	0.0864312421111606
1201	5	0.06839367332798929
1201	6	0.03936001079071616
1201	7	0.05950372611376764
1201	8	0.08640344450240178
1201	9	0.09349148135158458
1201	10-14	0.09372502450437992
1201	15-19	0.08289982566689247
1201	20-24	0.08073518632843957
1201	25-29	0.10204739300830568
1201	30-34	0.21288514128634972
1201	35-39	0.20180623022415745
1201	40-44	0.10511927599137749
1201	45-49	0.223293297280307
1201	50-54	0.26355952803449156
1201	55-59	0.3925449580020768
1201	60-64	0.47910950164278177
1201	65-69	0.36476485916536916
1201	70-74	0.45281514773377296
1201	75-79	0.36160128018001814
1201	80-84	0.35726992392431356
1201	85-89	0.26617645713743343
1201	90-94	0.2864875171050656
1201	95-99	0.2620680410171623
1201	100-104	0.4497900984810421
1201	105-109	0.5399263774826366
1201	110-114	0.6031384136285567
1201	115-119	0.740486393415857
1201	120-124	0.6125422393847622
1201	125-129	0.5173363002826079
1201	130-134	0.46687530338683203
1201	135-139	0.37190000386011235
1201	140-144	0.24448864415600013
1201	145-149	0.3284348902161618
1201	150	0.2739875305895545
1202	1	0.18061982673611965
1202	2	0.1352985586424751
1202	3	0.16046594809271397
1202	4	0.03936237158774247
1202	5	0.10828348049052039
1202	6	0.11529940473010925
1202	7	0.11302438727079078
1202	8	0.053791874254464744
1202	9	0.022582390442494216
1202	10-14	0.09835312367793136
1202	15-19	0.1370937650608326
1202	20-24	0.15034730754054948
1202	25-29	0.06913389438571471
1202	30-34	0.13417109169957797
1202	35-39	0.12274837898448965
1202	40-44	0.23480412447623422
1202	45-49	0.20847897221143796
1202	50-54	0.20615236550005278
1202	55-59	0.27190253375965767
1202	60-64	0.22499269723506643
1202	65-69	0.3306943357493992
1202	70-74	0.44094958299548637
1202	75-79	0.34906904877507117
1202	80-84	0.5150969211694871
1202	85-89	0.4901973937765547
1202	90-94	0.34718393583785456
1202	95-99	0.5895104652595826
1202	100-104	0.6633680599135516
1202	105-109	0.8055616391906213
1202	110-114	0.7861632070169833
1202	115-119	0.8022549884571859
1202	120-124	0.7996695121120361
1202	125-129	0.7518971818253064
1202	130-134	0.8506009232215455
1202	135-139	1.0704685989014315
1202	140-144	1.140894153797877
1202	145-149	1.342221116111478
1202	150	1.4473318832066333
1203	1	0.1800346466199656
1203	2	0.12022863532124717
1203	3	0.14538988345092463
1203	4	0.06191242335030722
1203	5	0.06255696226834573
1203	6	0.001933259198359849
1203	7	0.03681235379182368
1203	8	0.004034017750811358
1203	9	0.0279674512415653
1203	10-14	0.012868047086890044
1203	15-19	0.05359444060609775
1203	20-24	0.05568411510666493
1203	25-29	-0.03184397931363492
1203	30-34	0.08750424956660652
1203	35-39	0.174572877589533
1203	40-44	0.16121794420214997
1203	45-49	0.18987673677075634
1203	50-54	0.19414713660425775
1203	55-59	0.1967413679615433
1203	60-64	0.22432224049628502
1203	65-69	0.2209487618868522
1203	70-74	0.16990327743846478
1203	75-79	0.29810573877875157
1203	80-84	0.2731036239822089
1203	85-89	0.3135061618276467
1203	90-94	0.29537645746407293
1203	95-99	0.3062639877455915
1203	100-104	0.41958465551636337
1203	105-109	0.45881601268818883
1203	110-114	0.31766765508773886
1203	115-119	0.3844284895363046
1203	120-124	0.474573970710761
1203	125-129	0.48740138424323476
1203	130-134	0.5392954539369192
1203	135-139	0.454599251109677
1203	140-144	0.3740316667385173
1203	145-149	0.405040333180839
1203	150	0.5522712595993973
1204	1	0.12668407511118573
1204	2	0.11577754864406842
1204	3	0.05989446382392316
1204	4	0.012377181956544803
1204	5	-0.044683466788256965
1204	6	0.03250215852504823
1204	7	-0.011678712800517133
1204	8	0.03864677162840735
1204	9	-0.025580805765393677
1204	10-14	0.011831226185996968
1204	15-19	-0.03292767842429356
1204	20-24	0.0581318569452165
1204	25-29	-0.028950812510572632
1204	30-34	0.010954415029367226
1204	35-39	-0.015033451509381734
1204	40-44	-0.003046448290540127
1204	45-49	-0.05039211550677436
1204	50-54	-0.028708944399348013
1204	55-59	-0.13673975505023606
1204	60-64	-0.02013121840687404
1204	65-69	-0.006707360235338911
1204	70-74	0.025822178939691298
1204	75-79	0.05559110016761082
1204	80-84	0.04205466519173484
1204	85-89	0.11289183437347816
1204	90-94	0.19725652562603102
1204	95-99	0.21916454798629204
1204	100-104	0.3773658334847134
1204	105-109	0.4682371500123992
1204	110-114	0.37614761175507994
1204	115-119	0.4727037626388224
1204	120-124	0.6366030937383549
1204	125-129	0.56019139875335
1204	130-134	0.5657332007966858
1204	135-139	0.6681336701317697
1204	140-144	0.8472220339195573
1204	145-149	0.87884202299648
1204	150	0.878220248833447
1205	1	0.06640727523778622
1205	2	0.046178617596631
1205	3	0.05895054928663512
1205	4	0.029261773638282307
1205	5	-6.036608758108741E-4
1205	6	0.04287407422578582
1205	7	0.01856667154655156
1205	8	0.03942798070826825
1205	9	0.04012768177593529
1205	10-14	-0.022027110852789633
1205	15-19	0.014556906348033749
1205	20-24	-0.012949031069958039
1205	25-29	0.07377628697489769
1205	30-34	0.07506682889856364
1205	35-39	0.031512122177801416
1205	40-44	0.0745979333005593
1205	45-49	0.05140867729227949
1205	50-54	0.13346292828475015
1205	55-59	0.12121704330755989
1205	60-64	0.07060872366552218
1205	65-69	-0.047927116244018464
1205	70-74	0.04379243950245382
1205	75-79	0.0655591497192276
1205	80-84	0.05835552318441728
1205	85-89	0.08349407859437008
1205	90-94	0.12940322354106115
1205	95-99	0.2315484392544711
1205	100-104	0.12547616561558428
1205	105-109	0.24939741823123285
1205	110-114	0.14715973999818388
1205	115-119	0.07589056076258416
1205	120-124	-0.0026644196653400343
1205	125-129	0.06212859667562043
1205	130-134	0.16255175189344584
1205	135-139	0.17743206413975088
1205	140-144	0.2912490162793908
1205	145-149	0.0971619888506261
1205	150	0.2963632446421087
1206	1	0.12445634764951308
1206	2	0.0713132675068664
1206	3	0.06613187783241159
1206	4	-0.0066448690906213415
1206	5	0.022137212852499033
1206	6	0.024920752861333995
1206	7	-0.017339971182352087
1206	8	-0.014431983385094327
1206	9	-0.024504275136095544
1206	10-14	-0.019274268243570702
1206	15-19	-0.01859689377165097
1206	20-24	0.005722423149073563
1206	25-29	0.021711655017988107
1206	30-34	-0.0022521417776815156
1206	35-39	0.07495915987978208
1206	40-44	0.10930768793850376
1206	45-49	0.17121717519772517
1206	50-54	0.03950721314411254
1206	55-59	-0.041080981827086305
1206	60-64	0.06606054891985735
1206	65-69	0.06637569644299646
1206	70-74	0.062224516103285055
1206	75-79	0.18069978406991538
1206	80-84	0.14417239930649117
1206	85-89	0.05500814202944326
1206	90-94	0.12174313975889106
1206	95-99	0.4499805158553052
1206	100-104	0.3533636581350308
1206	105-109	0.3595111225998835
1206	110-114	0.37420941085395754
1206	115-119	0.3618271256937611
1206	120-124	0.3530507209690086
1206	125-129	0.41245774090063847
1206	130-134	0.2220370900143287
1206	135-139	0.16689944893926878
1206	140-144	0.2699444082602369
1206	145-149	0.3085324257147768
1206	150	0.2335266198665238
1207	1	0.13864342384637496
1207	2	0.1004845291815073
1207	3	0.1056987876191613
1207	4	0.021742224524423648
1207	5	1.8050718378503916E-4
1207	6	0.03711103358440937
1207	7	0.009303205418795812
1207	8	-0.002746760056339781
1207	9	-0.003957113303322046
1207	10-14	0.04898563764926678
1207	15-19	-0.0036789533565340093
1207	20-24	0.03216637489440188
1207	25-29	0.03905715869557014
1207	30-34	0.07802225408588015
1207	35-39	0.10584873593587218
1207	40-44	0.08963206489739406
1207	45-49	0.16249423240596883
1207	50-54	0.0145690599403423
1207	55-59	0.025003679642793486
1207	60-64	0.08790155307469405
1207	65-69	0.13773233166949694
1207	70-74	0.2580336589712289
1207	75-79	0.18695347188079126
1207	80-84	0.26426266607403903
1207	85-89	0.23048033047041372
1207	90-94	0.31030652778462553
1207	95-99	0.240295935390467
1207	100-104	0.3810014900117764
1207	105-109	0.46613195635729454
1207	110-114	0.5154436046385982
1207	115-119	0.4945283678061756
1207	120-124	0.6215865197099362
1207	125-129	0.5374922537388542
1207	130-134	0.5480474408928124
1207	135-139	0.60976392182409
1207	140-144	0.5650177552553082
1207	145-149	0.38569246420266623
1207	150	0.34472808635173635
1208	1	0.12082702874068474
1208	2	0.11331539491746412
1208	3	0.09969569821767266
1208	4	0.03977688883085051
1208	5	-0.023226462261611402
1208	6	-0.004271228199300481
1208	7	-0.010605279384549249
1208	8	-0.007506126842287131
1208	9	-0.016092674950130004
1208	10-14	0.014756359581511447
1208	15-19	-0.005244176895430996
1208	20-24	0.07599634044150605
1208	25-29	0.08852464705197605
1208	30-34	0.05851097804500682
1208	35-39	0.0538444515448262
1208	40-44	0.015842043300409614
1208	45-49	0.01839276880115648
1208	50-54	0.050326153775166915
1208	55-59	0.05917543897148647
1208	60-64	0.05451384691583172
1208	65-69	-0.027368894104263575
1208	70-74	0.005773285778936099
1208	75-79	0.02046493255817694
1208	80-84	-0.11975035045779236
1208	85-89	-0.049615268693983694
1208	90-94	-0.03650373896711301
1208	95-99	0.1752557632186189
1208	100-104	0.2549436136681429
1208	105-109	0.3786905690162854
1208	110-114	0.253082789863015
1208	115-119	0.33115270420430676
1208	120-124	0.2687828415307081
1208	125-129	0.31058295591705587
1208	130-134	0.36533889170690514
1208	135-139	0.32372439931198826
1208	140-144	0.2513985464674313
1208	145-149	0.10523040615061063
1208	150	-0.17222055140478787
1209	1	0.11004285352102272
1209	2	0.10756894573093945
1209	3	0.0324091805625315
1209	4	0.030674633839161913
1209	5	0.05192430461232789
1209	6	0.09108635058547065
1209	7	0.0412215658566879
1209	8	0.033778587033758356
1209	9	0.045335577961928664
1209	10-14	0.010115612251858863
1209	15-19	0.03453511124790509
1209	20-24	-0.04551496397735377
1209	25-29	-0.07468676268776164
1209	30-34	-0.18792762952322306
1209	35-39	-0.0650448115504858
1209	40-44	0.07484938897987803
1209	45-49	-0.014073179344542552
1209	50-54	0.07566824577057218
1209	55-59	0.07606099407546907
1209	60-64	0.04864473539420544
1209	65-69	0.06595337372948507
1209	70-74	0.1112958360306564
1209	75-79	0.09339512282540596
1209	80-84	0.21402671878281865
1209	85-89	0.10209668104123892
1209	90-94	0.2242011275539113
1209	95-99	0.23147515203612912
1209	100-104	0.352573056913716
1209	105-109	0.40211010299315575
1209	110-114	0.5018190397299378
1209	115-119	0.42953666811265734
1209	120-124	0.3785748712910575
1209	125-129	0.44819215184267946
1209	130-134	0.5138231213613338
1209	135-139	0.44914449437530024
1209	140-144	0.47134764695479703
1209	145-149	0.3569550104607977
1209	150	0.300944719352902
1210	1	0.07893296635942448
1210	2	0.006557424553747637
1210	3	0.01652499599668289
1210	4	0.028201295587095387
1210	5	0.022531888054437843
1210	6	0.012083992691174217
1210	7	0.021643174900276563
1210	8	0.033593489751268635
1210	9	-0.024671825929374336
1210	10-14	-0.05122149955979438
1210	15-19	-0.0797580106144693
1210	20-24	-0.08218731469995078
1210	25-29	-0.030587818838668568
1210	30-34	-0.0033564876729172965
1210	35-39	-0.025209812556589384
1210	40-44	0.038180649911573994
1210	45-49	0.07847791266492266
1210	50-54	0.09847906731873479
1210	55-59	0.0044234442217430114
1210	60-64	0.036825338746851344
1210	65-69	0.027660293143156878
1210	70-74	-0.015229442969641127
1210	75-79	-0.10268107276115757
1210	80-84	-0.10661349853558022
1210	85-89	-0.11045859016820003
1210	90-94	0.05496287703925162
1210	95-99	-0.05816881624322434
1210	100-104	0.24430494833707073
1210	105-109	0.19266072548757052
1210	110-114	0.2063391540645938
1210	115-119	0.22527207831919327
1210	120-124	0.10702245328850779
1210	125-129	0.2457864031209489
1210	130-134	0.1877180841354935
1210	135-139	0.214680670252541
1210	140-144	0.14571135086106324
1210	145-149	0.10183587746420741
1210	150	-0.05383517611550559
1211	1	0.10663138430043517
1211	2	0.1137097183741389
1211	3	0.05317410257923427
1211	4	0.009255396059401733
1211	5	0.015224360888602462
1211	6	0.04070307648414939
1211	7	0.0043404368482882205
1211	8	0.023598278865115674
1211	9	-0.023841988098673994
1211	10-14	0.007469090657203026
1211	15-19	-0.02022932547394163
1211	20-24	0.08021731587771797
1211	25-29	0.06503839908252473
1211	30-34	0.07229086840595045
1211	35-39	0.1376167554653449
1211	40-44	0.18879745474693266
1211	45-49	0.1706873455677922
1211	50-54	0.15927686762920246
1211	55-59	0.1375798005318174
1211	60-64	0.21466660439404706
1211	65-69	0.32013808156341383
1211	70-74	0.18102348829832238
1211	75-79	0.19882171813623017
1211	80-84	0.2238493940891786
1211	85-89	0.2801291497003433
1211	90-94	0.12676160214410714
1211	95-99	0.16984667406294207
1211	100-104	0.1522086376061509
1211	105-109	0.23906063300812264
1211	110-114	0.2825430382010623
1211	115-119	0.23285043813027073
1211	120-124	0.07148309998401814
1211	125-129	0.02277140824034518
1211	130-134	0.09461440807776
1211	135-139	0.13850981448744193
1211	140-144	0.0028719017742950825
1211	145-149	0.16443207259582593
1211	150	0.1525219596641314
1212	1	0.1420047700387812
1212	2	0.10809489524106652
1212	3	0.06664967809860656
1212	4	0.0030790906130278017
1212	5	-0.002743073137224883
1212	6	0.02105119551839607
1212	7	0.07789461989152358
1212	8	-0.0297425408990577
1212	9	-8.212132530829308E-4
1212	10-14	0.009265834059782208
1212	15-19	-0.06335116713592726
1212	20-24	-0.014785491533842787
1212	25-29	0.05133823063783183
1212	30-34	0.07150479316731406
1212	35-39	0.10482618836820734
1212	40-44	0.1094038556453043
1212	45-49	0.1873072220416816
1212	50-54	0.1752229653271229
1212	55-59	0.11658036201412614
1212	60-64	0.04195464482077682
1212	65-69	0.10902073175993365
1212	70-74	0.21212960845552686
1212	75-79	0.15794580572747208
1212	80-84	0.21340582306167022
1212	85-89	0.19208872297378576
1212	90-94	0.20570601539510136
1212	95-99	0.21824644947001914
1212	100-104	0.33244446017773654
1212	105-109	0.42603424333940154
1212	110-114	0.40090350984621637
1212	115-119	0.34166571044919536
1212	120-124	0.4192652448464571
1212	125-129	0.2259157091948616
1212	130-134	0.07091985445620352
1212	135-139	0.08966085322972006
1212	140-144	-0.0010584744188513184
1212	145-149	0.014628591405482894
1212	150	-0.030521274473993998
1213	1	0.13431712795881623
1213	2	0.06975868478011904
1213	3	0.06870673049343168
1213	4	0.03203999439040217
1213	5	-0.029954854934580055
1213	6	0.04557204517467284
1213	7	0.03543079045343944
1213	8	0.0387702066800486
1213	9	0.019013752776430692
1213	10-14	0.012047504316825552
1213	15-19	-0.00417826758656048
1213	20-24	-0.016848142663491217
1213	25-29	0.010728612075766364
1213	30-34	0.02493786334938619
1213	35-39	-0.022550112573441083
1213	40-44	0.009874889432389011
1213	45-49	0.03153169269578626
1213	50-54	0.10227627718791155
1213	55-59	0.007223363836935448
1213	60-64	0.04790262485195029
1213	65-69	0.02604831839955324
1213	70-74	0.1096941266345226
1213	75-79	0.0962671827588224
1213	80-84	0.12640605312462583
1213	85-89	0.2699140971478542
1213	90-94	0.28298618863410496
1213	95-99	0.28613805925106917
1213	100-104	0.27135988227890806
1213	105-109	0.323025309496181
1213	110-114	0.22146193537901127
1213	115-119	0.14634625275423474
1213	120-124	0.21233426855902948
1213	125-129	0.34119584703957884
1213	130-134	0.39363414683564457
1213	135-139	0.3594100846103139
1213	140-144	0.31859794345269776
1213	145-149	0.40128802905440253
1213	150	0.5802839619518885
1214	1	0.07586826276108383
1214	2	-0.05972785395646696
1214	3	-0.04011761661158886
1214	4	-0.021116608804049974
1214	5	-0.052675005609451375
1214	6	-0.010973135591783034
1214	7	0.028449221448489936
1214	8	-0.008385114106687297
1214	9	-0.015734032338315274
1214	10-14	-0.012465767317372922
1214	15-19	-0.10968558197090061
1214	20-24	-0.1801622184541074
1214	25-29	-0.0882497364466488
1214	30-34	-0.07080033263400765
1214	35-39	-0.11957489454002967
1214	40-44	-0.05261153520527273
1214	45-49	-0.028059254598545635
1214	50-54	-0.15393849878445565
1214	55-59	-0.2515810400604295
1214	60-64	-0.25795746414521403
1214	65-69	-0.24605539270838506
1214	70-74	-0.23260305447904273
1214	75-79	-0.2532204808968075
1214	80-84	-0.232334358949295
1214	85-89	-0.19586557620779388
1214	90-94	-0.18853757849479535
1214	95-99	-0.2363890231749579
1214	100-104	-0.09174720840724149
1214	105-109	-0.05107828269174419
1214	110-114	-0.04529436055182856
1214	115-119	0.00661967236350236
1214	120-124	0.11357865400771772
1214	125-129	0.14760936406683456
1214	130-134	0.15139793633436582
1214	135-139	0.1701272205021347
1214	140-144	0.2785576392103053
1214	145-149	0.3071966502732657
1214	150	0.5080885860119793
1215	1	0.14439213674769746
1215	2	0.05003146663863589
1215	3	0.01607115622975641
1215	4	-0.01798411668855948
1215	5	-0.017603760291592607
1215	6	-0.025925548384094554
1215	7	-0.06185290205719696
1215	8	-0.04171381934124696
1215	9	-0.023069568890250025
1215	10-14	-0.028409019518917944
1215	15-19	-0.006638344306452382
1215	20-24	-0.031742318360137745
1215	25-29	-0.17059609726906189
1215	30-34	-0.14194048303503592
1215	35-39	-0.19531902888154917
1215	40-44	-0.026339888947909174
1215	45-49	-0.04730301108016732
1215	50-54	-0.0658162097998769
1215	55-59	-0.11516192187156804
1215	60-64	-0.13533653527360912
1215	65-69	-0.1976960232746663
1215	70-74	-0.2797429807826646
1215	75-79	-0.19842738431508877
1215	80-84	-0.13367328010293278
1215	85-89	-0.19674771619195752
1215	90-94	-0.09872286686492515
1215	95-99	0.013002716764862754
1215	100-104	-0.04409149267481993
1215	105-109	0.08065159710557168
1215	110-114	0.024622571164833573
1215	115-119	0.12705869624875277
1215	120-124	0.13463150994049045
1215	125-129	0.18497297978118254
1215	130-134	0.20073462625722627
1215	135-139	0.02868460557761665
1215	140-144	0.19581648938352103
1215	145-149	0.24013884836442045
1215	150	0.3660108254271819
1216	1	0.10279162902589434
1216	2	0.020286286621185923
1216	3	-2.539704342865434E-4
1216	4	0.01603726967138641
1216	5	0.016199760370717797
1216	6	0.05587473271002352
1216	7	0.05075702243576785
1216	8	0.0016793441752440685
1216	9	-0.0633202565288542
1216	10-14	-0.08201404558584358
1216	15-19	-0.1109400077820979
1216	20-24	-0.110078653267081
1216	25-29	-0.2862090162313038
1216	30-34	-0.1994036264344814
1216	35-39	-0.08745241952303218
1216	40-44	-0.10779691316297146
1216	45-49	-0.20852611384292175
1216	50-54	-0.23187332613424871
1216	55-59	-0.23725942387557808
1216	60-64	-0.2662226684771767
1216	65-69	-0.3674074814710906
1216	70-74	-0.3867776747109559
1216	75-79	-0.334421402480821
1216	80-84	-0.45491518562263167
1216	85-89	-0.44615918279514943
1216	90-94	-0.39190177604453424
1216	95-99	-0.49309420742142507
1216	100-104	-0.5926614530208916
1216	105-109	-0.4819419282574309
1216	110-114	-0.4325895530612378
1216	115-119	-0.3888456180840869
1216	120-124	-0.3074188194037788
1216	125-129	-0.31003611966385947
1216	130-134	-0.5365233681706201
1216	135-139	-0.634659964415885
1216	140-144	-0.6700761620301776
1216	145-149	-0.6623645942688157
1216	150	-0.5959266163322248
2101	1	-0.017820279479629164
2101	2	0.016515976927834686
2101	3	0.03544216269103373
2101	4	0.03373315985738401
2101	5	0.04049979993317976
2101	6	0.10794992989463736
2101	7	0.08848556692385756
2101	8	0.04742895788136536
2101	9	0.11012552558985789
2101	10-14	0.05334034384589614
2101	15-19	0.12982914625296615
2101	20-24	0.1335674995037479
2101	25-29	0.16174584862860542
2101	30-34	0.13206074800694978
2101	35-39	0.15991043342606304
2101	40-44	0.17025602996546496
2101	45-49	0.17402982497166164
2101	50-54	0.3433968760007673
2101	55-59	0.40218387863341576
2101	60-64	0.4159846727691061
2101	65-69	0.41304282488354005
2101	70-74	0.19593508890026357
2101	75-79	0.18515523164238346
2101	80-84	0.19116734995814255
2101	85-89	0.30874015007175615
2101	90-94	0.2276478497406913
2101	95-99	0.22005674950841936
2101	100-104	0.26662978847369345
2101	105-109	0.0016236338044066656
2101	110-114	-0.1191588087508002
2101	115-119	-0.04360095172188849
2101	120-124	-0.0770573080497563
2101	125-129	-0.16154007014224092
2101	130-134	-0.24870711444424742
2101	135-139	-0.08695604637465237
2101	140-144	0.11149214022433895
2101	145-149	0.20053409256950516
2101	150	0.256535247962411
2102	1	-0.03584137549425037
2102	2	-0.04721852515608305
2102	3	-0.025708793547231323
2102	4	-0.002920560928487248
2102	5	0.03259983114303111
2102	6	0.013617876305829668
2102	7	-0.01594150971148167
2102	8	0.024900668438242235
2102	9	0.07022413796085658
2102	10-14	0.021231053330581062
2102	15-19	0.05838907472752197
2102	20-24	0.04612525979599269
2102	25-29	0.0480239955544306
2102	30-34	0.02548575818949672
2102	35-39	-0.06989900223616274
2102	40-44	-0.08203639671346252
2102	45-49	-0.021036869283541648
2102	50-54	-0.029841044002964168
2102	55-59	0.015372707427239618
2102	60-64	-0.08669234906665935
2102	65-69	-0.13881492884427615
2102	70-74	-0.11059275984291617
2102	75-79	-0.12425090982614506
2102	80-84	-0.1961070936293865
2102	85-89	-0.24171680740185053
2102	90-94	-0.2192747172059697
2102	95-99	-0.3377043105054689
2102	100-104	-0.47008508518785064
2102	105-109	-0.5610535339076428
2102	110-114	-0.5531592701805366
2102	115-119	-0.6639068542987943
2102	120-124	-0.6480171010896925
2102	125-129	-0.6335432241411496
2102	130-134	-0.63148211907966
2102	135-139	-0.6967195463614111
2102	140-144	-0.8320531987019422
2102	145-149	-0.6816748736781797
2102	150	-0.6093679738689737
2103	1	0.007318033157929449
2103	2	0.01905460321691521
2103	3	0.01602924681083806
2103	4	0.03415700328585558
2103	5	0.08863984046251971
2103	6	0.09190632908050134
2103	7	0.11846205044976443
2103	8	0.10185237561879035
2103	9	0.13017254375711218
2103	10-14	0.12461684052682642
2103	15-19	0.050539385157286176
2103	20-24	0.08084108138350388
2103	25-29	0.04738291449395149
2103	30-34	0.06658015316283894
2103	35-39	-0.011090768264288897
2103	40-44	-0.10605818028155767
2103	45-49	-0.09242926804034823
2103	50-54	-0.06485886971977095
2103	55-59	-0.021518613580731483
2103	60-64	-0.00463111593442278
2103	65-69	-0.11664114385773416
2103	70-74	-0.09126742622433426
2103	75-79	-0.18682247278909614
2103	80-84	-0.17869328056715972
2103	85-89	-0.13864643208735572
2103	90-94	-0.1934555621434768
2103	95-99	-0.3055481973762788
2103	100-104	-0.27433307146065644
2103	105-109	-0.4593314070131562
2103	110-114	-0.7153768098652868
2103	115-119	-0.8095969579121451
2103	120-124	-0.7682639795744244
2103	125-129	-0.7787277895468065
2103	130-134	-0.8658867782370052
2103	135-139	-0.8010572839826828
2103	140-144	-0.665217164524627
2103	145-149	-0.6396880206022324
2103	150	-0.5522297011098622
2104	1	-0.02123041782775914
2104	2	-0.026082205935580305
2104	3	-0.009065223667910516
2104	4	0.00907007125662318
2104	5	0.027659266361617085
2104	6	5.002300636576251E-4
2104	7	-0.039896787971109404
2104	8	0.0014594168047636913
2104	9	0.04831286308583316
2104	10-14	0.0889765588903586
2104	15-19	0.08618275070492132
2104	20-24	0.08215674641866144
2104	25-29	0.09302795220675364
2104	30-34	0.07007429304631074
2104	35-39	0.08138195282815985
2104	40-44	0.01394084657313499
2104	45-49	-0.058992680792400165
2104	50-54	0.057898887002124866
2104	55-59	0.20161366701955075
2104	60-64	0.1787341986999067
2104	65-69	-0.008107070751222523
2104	70-74	0.020785183929547202
2104	75-79	-0.031189948902493825
2104	80-84	-0.03234497404557857
2104	85-89	0.05241207587530283
2104	90-94	-0.10388898187201079
2104	95-99	-0.004280298698521534
2104	100-104	-0.06962716008266767
2104	105-109	-0.21308911850435663
2104	110-114	-0.2861713487383284
2104	115-119	-0.4175437172697549
2104	120-124	-0.33091329227342214
2104	125-129	-0.2308153232813659
2104	130-134	-0.2905447039572344
2104	135-139	-0.31052194441665293
2104	140-144	-0.35912698822085076
2104	145-149	-0.41420717031995125
2104	150	-0.450713513317492
2105	1	-0.024288269857244416
2105	2	-0.09726237072806754
2105	3	0.012104445102686157
2105	4	-0.01570218813648694
2105	5	0.03233947053477948
2105	6	0.02818468240693761
2105	7	0.046151148365986217
2105	8	0.08607448961947739
2105	9	0.09332118905108189
2105	10-14	0.06409831768749541
2105	15-19	0.02974644837599527
2105	20-24	0.05340443506941739
2105	25-29	0.07822582611147055
2105	30-34	0.07387520410759407
2105	35-39	0.0786736825890415
2105	40-44	0.02219747546181594
2105	45-49	-0.18700664560946478
2105	50-54	-0.15657408911933857
2105	55-59	-0.19131415627028758
2105	60-64	-0.12300860229782273
2105	65-69	-0.11398843505610756
2105	70-74	-0.22923243027359774
2105	75-79	-0.31261825151614886
2105	80-84	-0.2780155545035967
2105	85-89	-0.33741571357020916
2105	90-94	-0.42465096999321617
2105	95-99	-0.4992717025060216
2105	100-104	-0.5167810245136089
2105	105-109	-0.373523433015265
2105	110-114	-0.584840611344184
2105	115-119	-0.7624997443755248
2105	120-124	-0.7598393399724834
2105	125-129	-0.9105187851231342
2105	130-134	-0.8492322299707311
2105	135-139	-0.8065544481413376
2105	140-144	-1.0300321803079378
2105	145-149	-0.7244534956412672
2105	150	-0.6839311652206312
2106	1	-0.05574101757926542
2106	2	-0.011516644990912539
2106	3	-0.020672835318798377
2106	4	-0.004323876643958613
2106	5	0.009403091837405952
2106	6	0.05187802880873704
2106	7	0.014213799823842521
2106	8	0.04531335441230766
2106	9	0.05293660829671154
2106	10-14	0.04500266578202172
2106	15-19	0.0217477372148025
2106	20-24	0.0762993959926419
2106	25-29	-0.038969560308643736
2106	30-34	-0.009280624479409028
2106	35-39	-0.10921219729427634
2106	40-44	-0.046236006563894705
2106	45-49	-0.028010306323288603
2106	50-54	0.019106538681498364
2106	55-59	-0.04311589375877389
2106	60-64	-0.05626707493379257
2106	65-69	0.0832053178058274
2106	70-74	0.020573214891847158
2106	75-79	0.10511569459443848
2106	80-84	0.12792545217983786
2106	85-89	0.12058325484423449
2106	90-94	-0.07619667617912285
2106	95-99	0.04991177566089888
2106	100-104	-0.03104970495876458
2106	105-109	-0.03915208279583027
2106	110-114	-0.04215560766546389
2106	115-119	-0.10345381952434707
2106	120-124	-0.006186343743820544
2106	125-129	0.05927749602381027
2106	130-134	0.02242264163417218
2106	135-139	0.09873808739819978
2106	140-144	0.04213475390211485
2106	145-149	0.09108009906137227
2106	150	0.04275943886146294
2107	1	-0.06468372894735097
2107	2	-0.07056263127569906
2107	3	-0.07990931060005124
2107	4	-0.011831384151463453
2107	5	0.041811433014402155
2107	6	0.02249323356573285
2107	7	0.004231802901543347
2107	8	0.05821991769200707
2107	9	0.061503944289420076
2107	10-14	0.05345365408374647
2107	15-19	0.09154122473217541
2107	20-24	0.09116594164277814
2107	25-29	0.05974351844174919
2107	30-34	0.06353323415534362
2107	35-39	0.1407024561651582
2107	40-44	0.12055466470438603
2107	45-49	0.06692137909346485
2107	50-54	0.0324211592722321
2107	55-59	0.12053563090021413
2107	60-64	0.0460419505095615
2107	65-69	0.06645012978198395
2107	70-74	0.013115383926546542
2107	75-79	0.15864627741606796
2107	80-84	0.005685301581486613
2107	85-89	-0.07784782548983316
2107	90-94	-0.17754914805398414
2107	95-99	-0.023329375938466512
2107	100-104	-0.04504168201044223
2107	105-109	-0.10093251994939578
2107	110-114	-0.14204355531460777
2107	115-119	-0.15707348396490772
2107	120-124	-0.28186724852920264
2107	125-129	-0.43648505757456846
2107	130-134	-0.6347220030104772
2107	135-139	-0.6882266758725386
2107	140-144	-0.6012920684426213
2107	145-149	-0.4526550540021397
2107	150	-0.3755852117593079
2108	1	-0.1359018167361299
2108	2	-0.13749456329166065
2108	3	-0.0815229148696659
2108	4	-0.020142845218828143
2108	5	-0.08286514659224764
2108	6	-0.019641114068676302
2108	7	0.043441143027557416
2108	8	0.05989725777574506
2108	9	0.02948493671511443
2108	10-14	-0.006526534959782282
2108	15-19	0.04852813121961219
2108	20-24	0.03296482126042832
2108	25-29	0.030262875163955982
2108	30-34	0.010197177281852987
2108	35-39	-0.17787308258900936
2108	40-44	-0.36612473668885315
2108	45-49	-0.23687858123486905
2108	50-54	-0.23195232389311116
2108	55-59	-0.24857842884728854
2108	60-64	-0.13857688755857112
2108	65-69	-0.021321734555868943
2108	70-74	-0.11844547196149335
2108	75-79	-0.20051075581547195
2108	80-84	-0.07094056794602466
2108	85-89	-0.06478204577697255
2108	90-94	-0.24738482157987107
2108	95-99	-0.1114371435620427
2108	100-104	0.09830532498681777
2108	105-109	-0.25465335459631433
2108	110-114	-0.05761381052523973
2108	115-119	-0.15210221482628583
2108	120-124	-0.13711339002519196
2108	125-129	-0.26461841901384275
2108	130-134	-0.19535609041621171
2108	135-139	-0.33880219472869655
2108	140-144	-0.532517021044935
2108	145-149	-0.7881685252659913
2108	150	-0.7512817198450499
2109	1	-0.07567776939958293
2109	2	-0.06561204175753943
2109	3	-0.047352460149106435
2109	4	0.017270594539553485
2109	5	0.006226799106322289
2109	6	0.016565490242776093
2109	7	0.016773962726468028
2109	8	-0.03644587056609083
2109	9	-0.030393948287269268
2109	10-14	0.06973498714447857
2109	15-19	0.01286047323849715
2109	20-24	0.06682136316529608
2109	25-29	0.07113132825114832
2109	30-34	0.1104851412863539
2109	35-39	0.09882241951432036
2109	40-44	0.20046373427282305
2109	45-49	0.2663398726227726
2109	50-54	0.27698318930472965
2109	55-59	0.21745753583520866
2109	60-64	0.11628210438250619
2109	65-69	0.02769686414669792
2109	70-74	0.046275670772374156
2109	75-79	0.21416018428961792
2109	80-84	0.2552664370002802
2109	85-89	0.3242008656056754
2109	90-94	0.3995694598198867
2109	95-99	0.3300650522251267
2109	100-104	0.21127054679984525
2109	105-109	0.3090939989023127
2109	110-114	0.2717212280743908
2109	115-119	0.18138303102483277
2109	120-124	0.3671763614271022
2109	125-129	0.3043569727608144
2109	130-134	0.357403821444116
2109	135-139	0.35846837247779817
2109	140-144	0.39599449720706303
2109	145-149	0.13127225011653465
2109	150	0.13578578712753853
2110	1	-0.05978735844067984
2110	2	-0.048077795182194905
2110	3	-0.004064788916231521
2110	4	-0.01670200820016987
2110	5	-0.04473210500326985
2110	6	-0.059598893318870694
2110	7	0.021157524370302383
2110	8	0.019444540392811405
2110	9	0.0052224900688955245
2110	10-14	0.024584302212964815
2110	15-19	0.08617554173164876
2110	20-24	0.08150629467215253
2110	25-29	0.0973231090730664
2110	30-34	0.1851152782726544
2110	35-39	0.12128817293897498
2110	40-44	0.11290209043720978
2110	45-49	0.15127137947209235
2110	50-54	0.031503737249934716
2110	55-59	0.06063561802698558
2110	60-64	-0.004265840822966993
2110	65-69	0.0011763162014872819
2110	70-74	0.07553594474497771
2110	75-79	0.2109821020978373
2110	80-84	0.28101986165781057
2110	85-89	0.21450223546869296
2110	90-94	0.2375968570801632
2110	95-99	0.3665582029100598
2110	100-104	0.43154451940258554
2110	105-109	0.32103920438175493
2110	110-114	0.3517212280743891
2110	115-119	0.43332823650428054
2110	120-124	0.3679434847147718
2110	125-129	0.38698710974711403
2110	130-134	0.37537642418384465
2110	135-139	0.44274234508053567
2110	140-144	0.5925972369330914
2110	145-149	0.5596558117603756
2110	150	0.6015392117850702
2111	1	-0.16167587782927484
2111	2	-0.10833590300170215
2111	3	-0.07630446917983136
2111	4	-0.02952502433953441
2111	5	-0.01483370063434819
2111	6	-0.011936203017747005
2111	7	-0.018825085386538376
2111	8	0.010403444502401271
2111	9	0.02678364575733383
2111	10-14	0.0036946539840201353
2111	15-19	0.016043619957237354
2111	20-24	0.041506111616953945
2111	25-29	0.040514127165025116
2111	30-34	0.11060540854693102
2111	35-39	0.12074852623550214
2111	40-44	0.17613502816793414
2111	45-49	0.21615565808208714
2111	50-54	0.21118528223574629
2111	55-59	0.12496658181256493
2111	60-64	0.1472582766984587
2111	65-69	0.1513061023320077
2111	70-74	0.10623454437277502
2111	75-79	0.1262525051243486
2111	80-84	-0.2824519630973583
2111	85-89	-0.35424694841024973
2111	90-94	-0.30499691294149756
2111	95-99	-0.3026404424815219
2111	100-104	-0.31237908556431293
2111	105-109	-0.5040811544064141
2111	110-114	-0.4219144310768499
2111	115-119	-0.5498727886047874
2111	120-124	-0.48184496450266323
2111	125-129	-0.29232014839121234
2111	130-134	-0.31950712220539046
2111	135-139	-0.3377130352166233
2111	140-144	-0.6675025281460805
2111	145-149	-0.9244213154934933
2111	150	-1.2184052614736167
2112	1	-0.04258005935269438
2112	2	-0.08890690348722075
2112	3	-0.09711128501648858
2112	4	-0.0569423762362149
2112	5	0.013737199646342901
2112	6	-0.005876197029316188
2112	7	-0.027584358806137743
2112	8	-0.05467422020033297
2112	9	-0.03528876892839605
2112	10-14	-0.04180012522537879
2112	15-19	-0.09624524907625442
2112	20-24	-0.10780545738778358
2112	25-29	-0.03075595704282108
2112	30-34	0.029945237697702964
2112	35-39	0.03551358767656154
2112	40-44	0.017728439939382667
2112	45-49	0.13795939262043078
2112	50-54	0.031741287785180816
2112	55-59	0.14852115705744495
2112	60-64	0.1923769895913594
2112	65-69	0.20171950687439022
2112	70-74	0.17206076296481854
2112	75-79	0.2296608409727412
2112	80-84	0.3097882469510438
2112	85-89	0.4308310025919795
2112	90-94	0.417884858488911
2112	95-99	0.4490728810619551
2112	100-104	0.4419511346596501
2112	105-109	0.4848771687374409
2112	110-114	0.5324811608652524
2112	115-119	0.6232700521780998
2112	120-124	0.5405907761720243
2112	125-129	0.6670141694942799
2112	130-134	0.6192723233994926
2112	135-139	0.8147149037968155
2112	140-144	0.6966854012286028
2112	145-149	0.6277515187402898
2112	150	0.6891784542882462
2113	1	-0.05676117312355444
2113	2	-0.07344633607609552
2113	3	-0.08314958821109997
2113	4	-0.04299015686519425
2113	5	0.022885508570496427
2113	6	-0.03641478813689503
2113	7	-0.05227594729593221
2113	8	-0.04830969222682313
2113	9	-0.0167790524042033
2113	10-14	-0.043491646224360636
2113	15-19	-0.020884137287048077
2113	20-24	-0.016180436386655117
2113	25-29	-0.0643639157901319
2113	30-34	-0.19973469785573883
2113	35-39	-0.012224479012985512
2113	40-44	0.04962661208692509
2113	45-49	0.02938016055109216
2113	50-54	-0.04589521239934413
2113	55-59	-0.06847848825675129
2113	60-64	-0.06658057878617996
2113	65-69	0.001980165039121573
2113	70-74	0.017464623726951345
2113	75-79	0.02250422924168305
2113	80-84	0.0893847667222687
2113	85-89	0.0769436031281785
2113	90-94	0.1357190062593432
2113	95-99	0.03538746582826846
2113	100-104	0.10637620620709498
2113	105-109	0.23984195145289533
2113	110-114	0.28059588377234945
2113	115-119	0.29520050504150674
2113	120-124	0.2841199142568094
2113	125-129	0.46878489886901065
2113	130-134	0.38302797216577744
2113	135-139	0.3970090460243867
2113	140-144	0.4954199627034086
2113	145-149	0.3719753240450707
2113	150	0.48386908067485734
2114	1	-0.04695813469638921
2114	2	-0.08375268102694378
2114	3	-0.037460222706187096
2114	4	-0.017520273040354084
2114	5	-0.004527538793226427
2114	6	0.03776001079071989
2114	7	0.020521907931950523
2114	8	0.02080344450239835
2114	9	0.04733390559400874
2114	10-14	0.02444987298921575
2114	15-19	0.03303800748508223
2114	20-24	0.05287579238904527
2114	25-29	0.1523455748264908
2114	30-34	0.12584514128635504
2114	35-39	0.22246077567870515
2114	40-44	0.27705624568834963
2114	45-49	0.2963599639469763
2114	50-54	0.2755643765193412
2114	55-59	0.35247707921419646
2114	60-64	0.39740283497611273
2114	65-69	0.38158910158961135
2114	70-74	0.4627739356125602
2114	75-79	0.49845461351335985
2114	80-84	0.48035356028794496
2114	85-89	0.5848576692586462
2114	90-94	0.6128487292262861
2114	95-99	0.5213359198050362
2114	100-104	0.702425249996196
2114	105-109	0.5443772865735355
2114	110-114	0.658595383325526
2114	115-119	0.6179360903855589
2114	120-124	0.7364695121120413
2114	125-129	0.5730356942220034
2114	130-134	0.6560631821747123
2114	135-139	0.7882006099207182
2114	140-144	0.7374534926408494
2114	145-149	0.9694530720343444
2114	150	0.9561693487713718
2115	1	-0.15025926463988526
2115	2	-0.10705126859756575
2115	3	-0.1153342340056227
2115	4	-0.09651829563922121
2115	5	0.024252687195478018
2115	6	0.028033739604275354
2115	7	0.034398179118390715
2115	8	-0.011312657192512177
2115	9	-5.78241298647697E-4
2115	10-14	0.0011152402208622902
2115	15-19	0.03799258375625669
2115	20-24	0.06828195058113096
2115	25-29	0.06671642228411656
2115	30-34	0.12057412433720316
2115	35-39	0.17350653839057628
2115	40-44	0.15456850557536228
2115	45-49	0.19402550067014346
2115	50-54	0.08964211663233357
2115	55-59	0.03331753119160652
2115	60-64	0.0743349253715948
2115	65-69	0.11744814113763624
2115	70-74	0.13857500905888998
2115	75-79	0.32618856831562226
2115	80-84	0.40022847554218544
2115	85-89	0.27426320598181775
2115	90-94	0.40120731679689925
2115	95-99	0.3334980102005183
2115	100-104	0.33940666242557427
2115	105-109	0.22248423572608544
2115	110-114	0.2533198466023663
2115	115-119	0.3577625875606998
2115	120-124	0.5594152748239054
2115	125-129	0.5516141123010954
2115	130-134	0.5854561200278177
2115	135-139	0.6251094799772154
2115	140-144	0.8682322497029986
2115	145-149	0.9056844279665484
2115	150	1.1099786708052726
2116	1	-0.2237681470355355
2116	2	-0.1835697795638751
2116	3	-0.19201492039699986
2116	4	-0.049671445259640734
2116	5	0.030268583188089337
2116	6	0.005997768590823682
2116	7	-0.04154641570633544
2116	8	-0.01683082308088757
2116	9	0.009530133339467284
2116	10-14	-0.09147953296882605
2116	15-19	-0.07042911044194966
2116	20-24	-0.03491702269997177
2116	25-29	-0.05172575251354061
2116	30-34	0.011879112730035501
2116	35-39	0.21202227752957725
2116	40-44	0.2572413470456638
2116	45-49	0.17783417512271882
2116	50-54	0.09345724449043047
2116	55-59	0.10666608679396461
2116	60-64	0.08950569413352127
2116	65-69	0.12967639226474859
2116	70-74	0.08642437805924175
2116	75-79	0.049314447816207974
2116	80-84	0.0966892979928744
2116	85-89	0.038551785246660586
2116	90-94	0.052613453358134166
2116	95-99	-0.04268830723532702
2116	100-104	-0.02099603680091633
2116	105-109	-0.009312062976960078
2116	110-114	-0.2669939838523341
2116	115-119	-0.20909564590916574
2116	120-124	-0.20461393579911658
2116	125-129	-0.04521688466041951
2116	130-134	-0.024646988810658854
2116	135-139	0.09512584877141705
2116	140-144	-0.06591612484549003
2116	145-149	-0.18447945044053426
2116	150	-0.35639331648510364
2201	1	-0.14644859318461556
2201	2	-0.03314747656597916
2201	3	0.027968277913394957
2201	4	0.0683007926349859
2201	5	0.06782140792301306
2201	6	0.05995976295924521
2201	7	0.05618188314880257
2201	8	0.10210109010339607
2201	9	0.11270292665967929
2201	10-14	0.1224081381689004
2201	15-19	0.15925778443674687
2201	20-24	0.12534449127380043
2201	25-29	0.1360509527694873
2201	30-34	0.2637342119183117
2201	35-39	0.21173165548044182
2201	40-44	0.17478947988909255
2201	45-49	0.21585042243521002
2201	50-54	0.20138365780805856
2201	55-59	0.04282176322907105
2201	60-64	0.18629463175430772
2201	65-69	0.19062602847932908
2201	70-74	0.20991227514168287
2201	75-79	0.29304018972154466
2201	80-84	0.35932971890009213
2201	85-89	0.39923248958083235
2201	90-94	0.5565011703663032
2201	95-99	0.6135726484295709
2201	100-104	0.4179882735401854
2201	105-109	0.5782346347767628
2201	110-114	0.6083149372288688
2201	115-119	0.7606382465193917
2201	120-124	0.710698012731612
2201	125-129	0.8599230300336558
2201	130-134	1.0712810260408823
2201	135-139	1.0798262852614897
2201	140-144	1.065926156829203
2201	145-149	1.2990282888868911
2201	150	1.3217059039138768
2202	1	-0.09328673577567059
2202	2	-0.018961979491038505
2202	3	-0.02174847509306943
2202	4	-7.617840407689869E-4
2202	5	0.048318953527243025
2202	6	0.046702476544140836
2202	7	0.055229753511028434
2202	8	0.03717803977014711
2202	9	0.06243295084099998
2202	10-14	0.1164896571320142
2202	15-19	0.12964254048632284
2202	20-24	0.16219869815906662
2202	25-29	0.16059583634579155
2202	30-34	0.23948638661636323
2202	35-39	0.2756692439227848
2202	40-44	0.3140278687684699
2202	45-49	0.4319289137186715
2202	50-54	0.27460211832091375
2202	55-59	0.2217364897579941
2202	60-64	0.2602223285419143
2202	65-69	0.20398578070958706
2202	70-74	0.3762980867126018
2202	75-79	0.39909169113892773
2202	80-84	0.4080136350077481
2202	85-89	0.5654511769381827
2202	90-94	0.6669318508535085
2202	95-99	0.8185681655501647
2202	100-104	0.8448994384561352
2202	105-109	0.6861948706333152
2202	110-114	0.5756514895936888
2202	115-119	0.7113855216848535
2202	120-124	0.723455315349895
2202	125-129	0.8649995630472382
2202	130-134	1.0040538837106183
2202	135-139	1.0525754708588657
2202	140-144	1.194141446148528
2202	145-149	1.3356906810007168
2202	150	1.4253499216231802
2203	1	-0.018101497528242305
2203	2	1.3690654469655783E-5
2203	3	0.0647273879132868
2203	4	0.018453768257579384
2203	5	3.4325766695531E-4
2203	6	0.07194998129219243
2203	7	0.0672334123567282
2203	8	0.01777807577083479
2203	9	0.10381060175919998
2203	10-14	0.07035146590957453
2203	15-19	0.18751210778005856
2203	20-24	0.16956157409995853
2203	25-29	0.12701365742235993
2203	30-34	0.134508740106412
2203	35-39	0.1443581208114466
2203	40-44	0.14595724863821147
2203	45-49	0.22903725008267628
2203	50-54	0.239105143480991
2203	55-59	0.22452522080711645
2203	60-64	0.2320204160970576
2203	65-69	0.1961778921500823
2203	70-74	0.2121346435771585
2203	75-79	0.3516378583511184
2203	80-84	0.3441751532083046
2203	85-89	0.43566876070406835
2203	90-94	0.617778050760208
2203	95-99	0.6393951528433881
2203	100-104	0.7590822411466362
2203	105-109	0.6761464901133607
2203	110-114	0.707773436422876
2203	115-119	0.25154458596078655
2203	120-124	0.636896650755105
2203	125-129	0.7066644847824755
2203	130-134	0.9873953355670402
2203	135-139	1.015751760363198
2203	140-144	1.1881522537027998
2203	145-149	1.280645992388326
2203	150	1.4021162514262393
2204	1	-0.08497388877899681
2204	2	-0.04046814692512157
2204	3	0.045566098139154576
2204	4	0.013592887382316121
2204	5	-0.011008998927707125
2204	6	0.0062303277936024415
2204	7	-8.443212568920444E-5
2204	8	0.06314119666378559
2204	9	0.06808933306759002
2204	10-14	0.04580257231678786
2204	15-19	0.08969091814790175
2204	20-24	0.058721248681067095
2204	25-29	0.15483272180055963
2204	30-34	0.1926522882604118
2204	35-39	0.194430804497145
2204	40-44	0.26369155788815846
2204	45-49	-0.17202197649490358
2204	50-54	-0.1406372757381078
2204	55-59	0.14708810707202957
2204	60-64	0.270136590979952
2204	65-69	0.18643674808337352
2204	70-74	0.22310469449824666
2204	75-79	0.2645269285950107
2204	80-84	0.34986641331388313
2204	85-89	0.4478915213239745
2204	90-94	0.4770233305711358
2204	95-99	0.6072643732152194
2204	100-104	0.6339292653660316
2204	105-109	0.5587763643833341
2204	110-114	0.6719861998481065
2204	115-119	0.7877192988389652
2204	120-124	0.7926954487114592
2204	125-129	0.5119473560855958
2204	130-134	0.2879079468240846
2204	135-139	0.8060612823510738
2204	140-144	0.8216635983084828
2204	145-149	1.0213585475386715
2204	150	1.236999319952929
2205	1	-0.08733948667773461
2205	2	-0.01987202834629187
2205	3	0.0071495675036032935
2205	4	0.008370636050557323
2205	5	-0.005988611054299042
2205	6	0.012735302166007045
2205	7	0.007228667838710123
2205	8	0.021475705574658832
2205	9	0.020251388111489632
2205	10-14	0.00663877741812513
2205	15-19	0.07881870678577485
2205	20-24	0.11421677141001396
2205	25-29	0.12498259114350674
2205	30-34	0.16814015294136198
2205	35-39	0.23948921390714872
2205	40-44	0.24319573286783935
2205	45-49	0.22620518539220313
2205	50-54	0.21833715041211832
2205	55-59	0.10803306989019035
2205	60-64	0.12963351096679077
2205	65-69	0.1901242997248147
2205	70-74	0.20638717570579956
2205	75-79	0.28397051094925985
2205	80-84	0.3580615323159151
2205	85-89	0.4092692310302084
2205	90-94	0.4744884495059978
2205	95-99	0.535897411646534
2205	100-104	0.6434273945183406
2205	105-109	0.5571403634966146
2205	110-114	0.6717957562859027
2205	115-119	0.7488220577515321
2205	120-124	0.388247600690125
2205	125-129	0.7160421277884375
2205	130-134	0.9777359094474392
2205	135-139	0.892443593603705
2205	140-144	0.8883618376291977
2205	145-149	1.1177244007056721
2205	150	0.9944817030837285
2206	1	-0.12689545916053646
2206	2	-0.08848024939354104
2206	3	-0.01883258042976621
2206	4	-0.009182948576203387
2206	5	0.08050010348319603
2206	6	0.05284559837386382
2206	7	0.030581331435271863
2206	8	0.10907306756227086
2206	9	0.07635179177287199
2206	10-14	0.013591986810361334
2206	15-19	-0.0042957397432985545
2206	20-24	0.04698441027522904
2206	25-29	0.07995160586862227
2206	30-34	0.22522128319322832
2206	35-39	-0.010601752037480594
2206	40-44	0.012705085304027364
2206	45-49	0.20671857444217068
2206	50-54	0.1873120779236288
2206	55-59	0.06521369414398492
2206	60-64	-0.02370380212661871
2206	65-69	0.12739191016315488
2206	70-74	0.0804107131439693
2206	75-79	-0.01664350917695856
2206	80-84	0.3172974183810737
2206	85-89	0.4888132642327747
2206	90-94	0.5093824173267976
2206	95-99	0.4605008569816853
2206	100-104	0.40559408961185994
2206	105-109	0.3610376856866324
2206	110-114	0.4796927373536164
2206	115-119	0.6187435996242954
2206	120-124	0.5835941240854332
2206	125-129	0.5341017104821653
2206	130-134	0.6985045716795142
2206	135-139	0.7529217333501386
2206	140-144	0.6903431896105481
2206	145-149	0.8512481939855654
2206	150	1.040945401986452
2207	1	-0.02722512187587256
2207	2	0.02476302410126152
2207	3	0.009207405498941057
2207	4	0.025762098754519513
2207	5	0.028011243258056595
2207	6	0.06090328002148482
2207	7	0.07965363870118125
2207	8	0.03744671373316777
2207	9	0.0631746107222142
2207	10-14	0.13121628324563517
2207	15-19	0.16004685363892435
2207	20-24	0.23191053597878408
2207	25-29	0.2365501902111049
2207	30-34	0.2423024489786627
2207	35-39	0.24465019875562888
2207	40-44	0.30465406620117363
2207	45-49	0.3798000280495444
2207	50-54	0.40133540216036323
2207	55-59	0.32160387408599433
2207	60-64	0.2769200785658654
2207	65-69	0.34675672979474825
2207	70-74	0.5753884868946173
2207	75-79	0.5962301263338716
2207	80-84	0.6860335602879459
2207	85-89	0.775302156438137
2207	90-94	0.9011237933288356
2207	95-99	0.9670927787793921
2207	100-104	0.8463411474320885
2207	105-109	0.17516920965046268
2207	110-114	0.8499972422998852
2207	115-119	0.9118246801291576
2207	120-124	0.8494291274966486
2207	125-129	1.0076359506322596
2207	130-134	1.0399663873029183
2207	135-139	1.1524705458181614
2207	140-144	1.2330770182818753
2207	145-149	1.2568415335728105
2207	150	1.4532703103098328
2208	1	-0.05973381330659322
2208	2	-0.06451793618438018
2208	3	0.03941534732638985
2208	4	0.028704265504707394
2208	5	0.06925834611448778
2208	6	-0.4320058958325177
2208	7	-0.12754237002679503
2208	8	0.018546766977969753
2208	9	0.04044834641919692
2208	10-14	0.11914798373840796
2208	15-19	0.12854080878801
2208	20-24	0.12091783364854791
2208	25-29	0.11550596570596383
2208	30-34	0.0861811239139385
2208	35-39	0.09425751834971408
2208	40-44	-0.1257970007828746
2208	45-49	0.14509655460930304
2208	50-54	0.05090474568328318
2208	55-59	-0.09485790449915754
2208	60-64	-0.021438598248636254
2208	65-69	0.07841689746366143
2208	70-74	0.21613106916304758
2208	75-79	0.21438477637980213
2208	80-84	0.188693712296633
2208	85-89	0.14277454222281705
2208	90-94	0.3678352221687362
2208	95-99	0.3819495137246882
2208	100-104	0.5552570415271347
2208	105-109	0.4358090346734329
2208	110-114	0.5389548187218338
2208	115-119	0.6873192825679695
2208	120-124	0.5850115316560114
2208	125-129	0.7564170623001729
2208	130-134	0.6549148651280241
2208	135-139	0.641605343905514
2208	140-144	0.8932106261913404
2208	145-149	0.6538196301233832
2208	150	0.6173680458397754
2209	1	-0.1957406483575852
2209	2	-0.1370335553438835
2209	3	-0.09071049593023162
2209	4	-0.054272185608660095
2209	5	-0.017060872126556603
2209	6	0.016715202047549838
2209	7	-0.010328365292096464
2209	8	0.014775029201857137
2209	9	0.09019292198745177
2209	10-14	-0.14926553684684052
2209	15-19	0.04219560311349113
2209	20-24	0.0914253005857617
2209	25-29	0.19205355296856652
2209	30-34	0.24069279155957446
2209	35-39	0.2554137811431829
2209	40-44	0.38372116372114107
2209	45-49	0.3698419311600958
2209	50-54	0.29706732733900765
2209	55-59	0.16079970216502915
2209	60-64	0.2973040371619007
2209	65-69	0.3171257136114747
2209	70-74	0.26028300665081616
2209	75-79	0.27107013263903923
2209	80-84	0.31362918870325274
2209	85-89	0.44482007363022547
2209	90-94	0.5296732101005972
2209	95-99	0.489520400679357
2209	100-104	0.6594516980836254
2209	105-109	0.6690697455899439
2209	110-114	0.6727698095550352
2209	115-119	0.5665927024074229
2209	120-124	0.5264454683961901
2209	125-129	0.5524210494132582
2209	130-134	0.7965834007539492
2209	135-139	0.7906731782267293
2209	140-144	0.8077450773403037
2209	145-149	0.11129350919281933
2209	150	-0.77349185341442
2210	1	-0.15956384282777947
2210	2	-0.07050636977223235
2210	3	-0.10131547311006273
2210	4	-0.06873319711143466
2210	5	-0.014099105836841375
2210	6	0.018479019945267794
2210	7	0.025054810462911803
2210	8	-0.26611782636458514
2210	9	-0.15235763990949636
2210	10-14	-0.018953293408195293
2210	15-19	-0.055565460473999906
2210	20-24	-0.034351865123078085
2210	25-29	0.007480868310601352
2210	30-34	0.03308718759760865
2210	35-39	-0.0015125145743866142
2210	40-44	0.07386761887091353
2210	45-49	0.0799619025576419
2210	50-54	0.08313581432224737
2210	55-59	0.07866564141129828
2210	60-64	-0.03496782738253046
2210	65-69	0.062371438692466086
2210	70-74	0.15891644503636115
2210	75-79	0.19544683753058933
2210	80-84	0.2994153588878419
2210	85-89	0.4571099471261775
2210	90-94	0.4063627410733446
2210	95-99	0.5368399801173673
2210	100-104	0.5241071886068589
2210	105-109	0.42803634957839165
2210	110-114	0.2320879412146013
2210	115-119	0.24941516416046738
2210	120-124	0.4292333247130067
2210	125-129	0.341280217646883
2210	130-134	0.566833672212411
2210	135-139	0.5175112830494193
2210	140-144	0.4290493138578704
2210	145-149	0.5168667500095729
2210	150	0.6495931506022821
2211	1	-0.27368870712414406
2211	2	-0.16380981336634903
2211	3	-0.07001034234542658
2211	4	-0.04612796676389763
2211	5	0.008615549739815265
2211	6	0.04452400858199468
2211	7	0.03625067656805925
2211	8	0.0023968183290179468
2211	9	0.043439777119864686
2211	10-14	0.041838071038185376
2211	15-19	0.07623252984841145
2211	20-24	-0.07894924718394236
2211	25-29	-0.015078213135964802
2211	30-34	-0.3237191657263523
2211	35-39	0.03480577843960475
2211	40-44	-0.03863680051079399
2211	45-49	0.10504525752327964
2211	50-54	0.060687704330860015
2211	55-59	-0.04779108938510035
2211	60-64	-0.09197652817499602
2211	65-69	0.017076530266223244
2211	70-74	-0.06041322433590324
2211	75-79	-0.03202787498286597
2211	80-84	0.008479722629196829
2211	85-89	-0.023724491610117582
2211	90-94	0.1781825926534779
2211	95-99	0.24098211159594385
2211	100-104	0.3720876538246536
2211	105-109	0.081487303138978
2211	110-114	0.313238107419032
2211	115-119	0.3897019950422873
2211	120-124	0.36968607754549865
2211	125-129	0.37240759188443207
2211	130-134	0.26572178699709426
2211	135-139	0.4247646592489005
2211	140-144	0.14357595904983356
2211	145-149	0.047391006876971176
2211	150	-0.033767702581471326
2212	1	-0.1361860684616829
2212	2	-0.052862256260929996
2212	3	-0.03270025150388278
2212	4	-0.03822927232041451
2212	5	0.021276060918800965
2212	6	0.01023690063953353
2212	7	-0.008077660102607354
2212	8	-0.029013402149864476
2212	9	0.05429258089998257
2212	10-14	0.07161232079339896
2212	15-19	0.14334090165354496
2212	20-24	0.08102012644231849
2212	25-29	0.09559862018286225
2212	30-34	0.03434691234466669
2212	35-39	-0.03848004505564262
2212	40-44	0.03402200522758392
2212	45-49	0.18550150462372272
2212	50-54	0.21406280704488978
2212	55-59	0.21030164364903925
2212	60-64	0.22408919926696313
2212	65-69	0.10088039028651963
2212	70-74	0.12810099104812878
2212	75-79	0.20978875318218115
2212	80-84	0.184629672598966
2212	85-89	0.16182452311033302
2212	90-94	0.3096802915012944
2212	95-99	0.2574828456509586
2212	100-104	0.28684621471902005
2212	105-109	0.2509516278262396
2212	110-114	0.18332062450623
2212	115-119	0.23116811342372046
2212	120-124	0.2738595769068546
2212	125-129	0.18146777485555177
2212	130-134	0.1204775810228007
2212	135-139	0.2664639936500208
2212	140-144	0.17865067046662375
2212	145-149	-0.026173709823105185
2212	150	-0.33445268146620677
2213	1	-0.21348539427700786
2213	2	-0.12356497314552684
2213	3	-0.1288664410720557
2213	4	-0.046779564435873056
2213	5	-0.05014113243024099
2213	6	-0.0703970391008184
2213	7	-0.02220086864072357
2213	8	-0.05196098066029009
2213	9	0.010799704581714309
2213	10-14	-0.03788412556465204
2213	15-19	-0.02384424848021638
2213	20-24	0.0071769926782678795
2213	25-29	-0.03916522777655018
2213	30-34	-0.08223503224944295
2213	35-39	-0.11999735881153129
2213	40-44	0.05587163252855731
2213	45-49	0.16282214760568792
2213	50-54	0.07821154933206742
2213	55-59	-0.06134863300561477
2213	60-64	-0.05572086712077606
2213	65-69	-2.3794107126917652E-4
2213	70-74	-0.01562941941274687
2213	75-79	-0.017514554960975204
2213	80-84	0.14210731299944968
2213	85-89	0.08093946246182071
2213	90-94	0.133420587505384
2213	95-99	0.21191564504004035
2213	100-104	0.13531161297522587
2213	105-109	0.08607411954534427
2213	110-114	0.20010074847375847
2213	115-119	0.30929412364659115
2213	120-124	0.37537450126605165
2213	125-129	0.439453279182235
2213	130-134	0.5015116275832412
2213	135-139	0.4070975585830503
2213	140-144	0.47377840948828265
2213	145-149	0.520614894160154
2213	150	0.626069565691111
2214	1	-0.13616875290411912
2214	2	-0.09514309613473415
2214	3	-0.07042883129339117
2214	4	-0.007258666056564778
2214	5	-0.0012939025915486013
2214	6	0.029884863810494267
2214	7	0.051036499059684104
2214	8	0.03792883199572117
2214	9	0.006378124371842375
2214	10-14	0.005826477300644228
2214	15-19	0.07601720577476101
2214	20-24	0.0548020635452815
2214	25-29	0.003855312934447852
2214	30-34	-0.11109903829676426
2214	35-39	-0.1549391174265864
2214	40-44	-0.1716783917604232
2214	45-49	-0.30629473051231315
2214	50-54	-0.24758305978923545
2214	55-59	-0.35815512459837606
2214	60-64	-0.3098615298911582
2214	65-69	-0.3975174011718394
2214	70-74	-0.16527563502702236
2214	75-79	-0.21422255734001538
2214	80-84	-0.05178044291889705
2214	85-89	-0.021119825842013995
2214	90-94	-0.0860816680657166
2214	95-99	-0.13946447926853978
2214	100-104	-0.17617046708914685
2214	105-109	-0.0956779566119188
2214	110-114	0.10272813230112376
2214	115-119	-0.18490770793975386
2214	120-124	0.05969089105377634
2214	125-129	0.013029765128827364
2214	130-134	0.0964457227056208
2214	135-139	-0.00984797728754927
2214	140-144	-0.10089873255066806
2214	145-149	-0.22032693865512698
2214	150	-0.24144476133017534
2215	1	-0.14857151165021776
2215	2	-0.09312701763181508
2215	3	-0.08804022997627214
2215	4	0.008948938155576514
2215	5	-0.013244078233427103
2215	6	-0.04445242105224878
2215	7	-0.03212193067219715
2215	8	-0.01358783139727393
2215	9	-0.0055230918614626034
2215	10-14	3.1965125166522057E-4
2215	15-19	0.042495106721716525
2215	20-24	-0.06165989645138126
2215	25-29	-3.8567926293353594E-4
2215	30-34	-0.013253135703834573
2215	35-39	0.06303831112036562
2215	40-44	0.10845172369634781
2215	45-49	0.11862764842534546
2215	50-54	0.014473456853764333
2215	55-59	0.025117893463566077
2215	60-64	0.08775770229708968
2215	65-69	0.1612729983544341
2215	70-74	0.2230369381570938
2215	75-79	0.24311403917675278
2215	80-84	0.3003738002007097
2215	85-89	0.40640352167594784
2215	90-94	0.3819259229740055
2215	95-99	0.2449646802557801
2215	100-104	0.46666242920375467
2215	105-109	0.5456480390271992
2215	110-114	0.48420434006853696
2215	115-119	0.5322012739551738
2215	120-124	0.5246422492985197
2215	125-129	0.39149059789339447
2215	130-134	0.47470891100059376
2215	135-139	0.453562500142457
2215	140-144	0.6377755282642639
2215	145-149	0.6764576521870183
2215	150	0.5523830892293873
2216	1	-0.20259576384265898
2216	2	-0.08310189255495004
2216	3	-0.12128752015044597
2216	4	-0.048626743948453566
2216	5	-0.012438794910679007
2216	6	-0.002266960389270878
2216	7	-0.032313763628685876
2216	8	0.01556929550838504
2216	9	-0.01827479478663463
2216	10-14	-0.0014334114044771695
2216	15-19	0.016141172248538282
2216	20-24	-0.05618539303781489
2216	25-29	-0.057783582324134386
2216	30-34	0.06162380360282782
2216	35-39	0.03701390237799984
2216	40-44	-0.0052942491457983465
2216	45-49	-0.0025537935299126957
2216	50-54	-0.08750233364922622
2216	55-59	-0.2386788098559478
2216	60-64	-0.07667255382214933
2216	65-69	-0.06353020237992979
2216	70-74	0.02616342990293674
2216	75-79	-0.045629606171253556
2216	80-84	-0.021769593600033943
2216	85-89	0.018650469693668015
2216	90-94	0.09784657588207324
2216	95-99	-0.03680324278332492
2216	100-104	0.039090133084830114
2216	105-109	-0.11864078846724269
2216	110-114	-0.08335602504858741
2216	115-119	0.07672525841165978
2216	120-124	0.0533399851952332
2216	125-129	0.05017553108986306
2216	130-134	-0.014952804774718942
2216	135-139	0.08730873390114269
2216	140-144	-0.023836947815919274
2216	145-149	-0.2151611748389506
2216	150	-0.1964266273025821
>>END_MODULE
>>Per sequence quality scores	pass
#Quality	Count
3	1.0
4	11.0
5	74.0
6	382.0
7	854.0
8	1202.0
9	1491.0
10	1654.0
11	1857.0
12	1991.0
13	2150.0
14	2276.0
15	2414.0
16	2735.0
17	2784.0
18	3165.0
19	3353.0
20	3668.0
21	4088.0
22	4777.0
23	5726.0
24	6714.0
25	8262.0
26	10782.0
27	13709.0
28	16963.0
29	20090.0
30	25044.0
31	30607.0
32	40670.0
33	58481.0
34	101283.0
35	255417.0
36	412956.0
37	59164.0
38	295.0
>>END_MODULE
>>Per base sequence content	warn
#Base	G	A	T	C
1	42.10427408651531	20.417533629734567	12.641925204615331	24.836267079134792
2	16.915044487602184	19.57680321575358	36.70502687322163	26.803125423422607
3	20.70113604235974	25.242595672073335	29.395829964889902	24.66043832067702
4	14.39196451959642	17.89511241181837	36.81742225112683	30.895500817458384
5	14.954637752373795	33.461657971182056	34.913304091454336	16.670400184989813
6	29.892321589882563	35.42773261065944	19.15275519421861	15.527190605239385
7	24.864780396860954	29.518610986660498	23.28821195785701	22.32839665862154
8	24.82167197036553	33.37816562173411	20.204337681974984	21.59582472592538
9	23.903747662791645	16.419893594920016	20.83597539495434	38.840383347334004
10-14	26.549855928605627	21.335121805815245	25.527536153338932	26.5874861122402
15-19	25.466583565925085	25.769738684298478	23.960364559340253	24.80331319043619
20-24	25.351173021587414	24.62864794321977	24.74164692722251	25.278532107970303
25-29	25.419725570755052	24.560266635689963	24.6990836882195	25.32092410533548
30-34	25.456800427804392	24.566017011005847	24.62312383925539	25.35405872193437
35-39	25.454654840639325	24.49344835604116	24.724630773891995	25.32726602942752
40-44	25.28413371602058	24.420684479233028	24.78930942489594	25.50587237985045
45-49	25.18687904230047	24.434954240562455	24.920500069020395	25.457666648116685
50-54	25.03690540563246	24.500943705232267	24.937611752784097	25.524539136351176
55-59	25.075567506008547	24.382561266947135	24.807007490631293	25.734863736413022
60-64	24.999548364392616	24.479282210109556	24.779674085293372	25.741495340204455
65-69	25.120448636734068	24.488202817275955	24.552263841815154	25.839084704174827
70-74	25.02512987684012	24.52645267308903	24.595103666613433	25.85331378345742
75-79	25.136929229684103	24.571849995374865	24.455318324776837	25.835902450164195
80-84	25.007990364947837	24.68660514913752	24.54327543713936	25.762129048775286
85-89	25.045462815527298	24.50178806856976	24.493476932894627	25.959272183008313
90-94	25.03365960688181	24.36919403399277	24.656755119946	25.940391239179423
95-99	24.991847171641563	24.354092737903148	24.703837782474046	25.950222307981246
100-104	24.877930507923992	24.461468750824306	24.758146487726567	25.902454253525136
105-109	24.805367260218535	24.793732294617563	24.659333988552927	25.741566456610972
110-114	24.731315283231847	25.09634854723807	24.483280555117943	25.689055614412137
115-119	24.617698494713792	25.277318090172642	24.45900389509969	25.645979520013874
120-124	24.57684945724684	25.389195160793506	24.40122813879522	25.63272724316444
125-129	24.520792948517602	25.516025357298354	24.3844315293327	25.578750164851343
130-134	24.535882190565246	25.519506280250486	24.271459148383293	25.673152380800975
135-139	24.511760120460053	25.60061566865898	24.281986362433372	25.605637848447593
140-144	24.463416268874393	25.711270286231585	24.195664116930065	25.62964932796396
145-149	24.472128214351073	25.688125271778752	24.15630030786085	25.68344620600933
150	24.385267003051307	25.85663366050443	24.100008490912014	25.658090845532243
>>END_MODULE
>>Per sequence GC content	warn
#GC Content	Count
0	0.0
1	0.0
2	0.0
3	0.0
4	0.0
5	0.0
6	0.0
7	0.0
8	0.0
9	0.0
10	0.0
11	0.0
12	0.0
13	0.0
14	0.5
15	6.5
16	20.5
17	26.5
18	30.5
19	41.5
20	71.5
21	151.0
22	218.0
23	329.5
24	549.5
25	778.5
26	1015.0
27	1370.5
28	1868.0
29	2420.0
30	3037.5
31	3650.0
32	4282.0
33	4935.0
34	5677.5
35	6538.5
36	7482.0
37	8648.0
38	10003.0
39	11584.0
40	13606.0
41	15997.0
42	19003.5
43	22543.5
44	26393.0
45	31160.0
46	36584.0
47	42418.5
48	49165.5
49	56101.0
50	62686.0
51	68065.5
52	71604.0
53	73117.5
54	71732.0
55	67729.0
56	61645.5
57	54301.0
58	46222.0
59	37716.0
60	29850.5
61	22874.5
62	16664.5
63	11854.0
64	8382.0
65	5665.0
66	3652.5
67	2227.5
68	1292.0
69	802.0
70	510.0
71	322.5
72	192.0
73	106.5
74	64.5
75	42.5
76	24.5
77	12.5
78	7.5
79	3.5
80	5.0
81	4.0
82	2.5
83	1.5
84	0.0
85	0.5
86	0.5
87	0.0
88	0.0
89	0.0
90	0.0
91	0.0
92	0.0
93	0.0
94	0.0
95	0.0
96	0.0
97	0.0
98	0.0
99	0.0
100	0.0
>>END_MODULE
>>Per base N content	pass
#Base	N-Count
1	0.02321401150764617
2	0.0036130757210344235
3	9.032689302586059E-5
4	0.0
5	1.8065378605172118E-4
6	0.008129420372327454
7	1.8065378605172118E-4
8	9.032689302586059E-5
9	0.0
10-14	0.0
15-19	0.0
20-24	3.613075721034423E-5
25-29	0.0019329955107534166
30-34	0.003793729507086145
35-39	0.007713916664408495
40-44	0.010044350504475698
45-49	0.01542783332881699
50-54	0.006377078647625758
55-59	3.613075721034423E-5
60-64	2.5291530047240964E-4
65-69	0.0018607339963327282
70-74	0.0037214679926654563
75-79	0.008562989458851585
80-84	0.011905084500808426
85-89	0.012772222673856687
90-94	0.011308927006837746
95-99	0.010134677397501558
100-104	0.008815904759323994
105-109	0.007406805228120569
110-114	0.006106097968548176
115-119	0.005238959795499915
120-124	0.0044260177582671695
125-129	0.002890460576827539
130-134	3.613075721034423E-5
135-139	9.032689302586059E-5
140-144	0.0019329955107534166
145-149	0.0028362644410120227
150	0.002167845432620654
>>END_MODULE
>>Sequence Length Distribution	pass
#Length	Count
150	1107090.0
>>END_MODULE
>>Sequence Duplication Levels	pass
#Total Deduplicated Percentage	78.18877694480919
#Duplication Level	Percentage of total
1	63.421982168683854
2	21.318288389552496
3	7.977997227578337
4	3.442634086388461
5	1.5573438984116557
6	0.7366948936212935
7	0.39884309103625043
8	0.23944120790388995
9	0.1887113282367599
>10	0.6891816575996492
>50	0.028882050987356606
>100	0.0
>500	0.0
>1k	0.0
>5k	0.0
>10k+	0.0
>>END_MODULE
>>Overrepresented sequences	pass
>>END_MODULE
>>Adapter Content	fail
#Position	Illumina Universal Adapter	Illumina Small RNA 3' Adapter	Illumina Small RNA 5' Adapter	Nextera Transposase Sequence	PolyA	PolyG
1	0.0	0.0	0.0	1.8065378605172118E-4	0.0	0.0
2	0.0	0.0	0.0	1.8065378605172118E-4	0.0	0.0
3	0.0	0.0	0.0	1.8065378605172118E-4	0.0	0.0
4	0.0	0.0	0.0	1.8065378605172118E-4	0.0	0.0
5	0.0	0.0	0.0	1.8065378605172118E-4	0.0	0.0
6	0.0	0.0	0.0	1.8065378605172118E-4	0.0	0.0
7	0.0	0.0	0.0	1.8065378605172118E-4	0.0	0.0
8	0.0	0.0	0.0	2.7098067907758175E-4	0.0	0.0
9	0.0	0.0	0.0	4.5163446512930293E-4	0.0	0.0
10-11	0.0	0.0	0.0	4.5163446512930293E-4	4.5163446512930296E-5	0.0
12-13	0.0	0.0	0.0	4.5163446512930293E-4	9.032689302586059E-5	0.0
14-15	0.0	0.0	0.0	5.419613581551635E-4	9.032689302586059E-5	0.0
16-17	0.0	0.0	0.0	5.419613581551635E-4	9.032689302586059E-5	0.0
18-19	0.0	0.0	0.0	6.322882511810242E-4	9.032689302586059E-5	0.0
20-21	0.0	0.0	0.0	7.226151442068847E-4	9.032689302586059E-5	3.1614412559051203E-4
22-23	0.0	0.0	0.0	9.484323767715362E-4	9.032689302586059E-5	4.967979116422333E-4
24-25	0.0	0.0	0.0	0.0015807206279525603	9.032689302586059E-5	8.129420372327453E-4
26-27	0.0	0.0	0.0	0.003161441255905121	9.032689302586059E-5	0.0013549033953879088
28-29	0.0	0.0	0.0	0.015355571814396299	9.032689302586059E-5	0.0019420282000560027
30-31	0.0	0.0	0.0	0.04922815669909402	0.002258172325646515	0.0025291530047240962
32-33	0.0	0.0	0.0	0.12939327425954528	0.004245363972215447	0.0032969315954439115
34-35	0.0	0.0	0.0	0.24022437200227623	0.004245363972215447	0.0038840564001120055
36-37	0.0	0.0	0.0	0.38799916899258413	0.004245363972215447	0.004245363972215447
38-39	0.0	0.0	0.0	0.5819310083191069	0.004426017758267169	0.004832488776883541
40-41	0.0	0.0	0.0	0.7683657155244831	0.004426017758267169	0.005193796348986984
42-43	0.0	0.0	0.0	0.9613491224742342	0.004696998437344751	0.005555103921090427
44-45	0.0	0.0	0.0	1.187121191592373	0.004877652223396472	0.005826084600168008
46-47	0.0	0.0	0.0	1.4399913286182695	0.005013142562935263	0.006322882511810241
48-49	0.0	0.0	0.0	1.6761961538808952	0.005238959795499914	0.007000334209504196
50-51	0.0	0.0	0.0	1.904903847022374	0.005509940474577496	0.007316478335094708
52-53	0.0	0.0	0.0	2.1307662430335386	0.005690594260629217	0.007768112800224011
54-55	0.0	0.0	0.0	2.3666549241705734	0.00623255561878438	0.008310074158379175
56-57	0.0	0.0	0.0	2.612976361452095	0.006503536297861962	0.00930366998166364
58-59	0.0	0.0	0.0	2.861239826933673	0.0070454976560171256	0.010071448572383457
60-61	0.0	0.0	0.0	3.1059353801407292	0.008355237604892105	0.010613409930538619
62-63	0.0	0.0	0.0	3.3437660894778203	0.009935958232844665	0.011245698181719645
64-65	0.0	0.0	0.0	3.58173228915445	0.010884390609616202	0.011832822986387739
66-67	0.0	0.0	0.0	3.820737248100877	0.012013476772439458	0.012600601577107552
68-69	0.0	0.0	0.0	4.073065423768618	0.012736091916646344	0.013503870507366157
70-71	0.0	0.0	0.0	4.326387195259645	0.013142562935262714	0.014361975991111834
72-73	0.0	0.0	0.0	4.569050393373619	0.0138651780794696	0.014994264242292858
74-75	0.0	0.0	0.0	4.809319928822408	0.014587793223676485	0.015265244921370439
76-77	0.0	0.0	0.0	5.055460712317878	0.01508459113531872	0.0158072062795256
78-79	0.0	0.0	0.0	5.305575879106486	0.015581389046960954	0.016304004191167835
80-81	0.0	0.0	0.0	5.549819797848413	0.016033023512090253	0.01666531176327128
82-83	0.0	0.0	0.0	5.801244704585896	0.016529821423732487	0.017162109674913512
84-85	0.0	0.0	0.0	6.046617709490647	0.01680080210281007	0.01802021515865919
86-87	0.0	0.0	0.0	6.296642549386229	0.017387926907478164	0.018517013070301423
88-89	0.0	0.0	0.0	6.544770524528268	0.017839561372607466	0.018923484088917794
90-91	0.0	0.0	0.0	6.793666278261027	0.01838152273076263	0.019375118554047097
92-93	0.0	0.0	0.0	7.040665167240243	0.019555772340098816	0.0198267530191764
94-95	0.0	0.0	0.0	7.286128499038019	0.02614963553098664	0.020368714377331565
96-97	0.0	0.0	0.0	7.535927521701036	0.044621485154775126	0.02127198330759017
98-99	0.0	0.0	0.0	7.784145823736101	0.08928813375606319	0.021768781219232404
100-101	0.0	0.0	0.0	8.032002818199063	0.1502587865485191	0.022401069470413426
102-103	0.0	0.0	0.0	8.276924188638684	0.2307852116810738	0.02298819427508152
104-105	0.0	0.0	0.0	8.527355499552883	0.33682898409343415	0.023575319079749614
106-107	0.0	0.0	0.0	8.772051052759938	0.4375886332637816	0.024343097670469428
108-109	4.5163446512930296E-5	0.0	0.0	9.012591568887805	0.5402451471876721	0.024885059028624593
110-111	9.032689302586059E-5	0.0	0.0	9.260900197815896	0.6625477603446874	0.025562510726318547
112-113	9.032689302586059E-5	0.0	0.0	9.509795951548654	0.7948766586275732	0.02596898174493492
114-115	9.032689302586059E-5	0.0	0.0	9.751149409713754	0.9250377114778383	0.02633028931703836
116-117	9.032689302586059E-5	0.0	0.0	9.993496463702138	1.043862739253358	0.027007741014732314
118-119	9.032689302586059E-5	0.0	0.0	10.229565798625224	1.1555519424798346	0.02741421203334869
120-121	9.032689302586059E-5	0.0	0.0	10.46653840247857	1.2715316731250397	0.028272317517094366
122-123	9.032689302586059E-5	0.0	0.0	10.709698398504187	1.3888663071656324	0.028588461642684877
124-125	9.032689302586059E-5	0.0	0.0	10.940257792952696	1.5089559114435143	0.029040096107814183
126-127	9.032689302586059E-5	0.0	0.0	11.17321085006639	1.6240323731584605	0.029762711252021064
128-129	9.032689302586059E-5	0.0	0.0	11.410364107705787	1.7321536641104156	0.030124018824124507
130-131	9.032689302586059E-5	0.0	0.0	11.646749586754463	1.8359392641971293	0.030485326396227946
132-133	9.032689302586059E-5	0.0	0.0	11.88065107624493	1.9414410752513347	0.03075630707530553
134-135	9.032689302586059E-5	0.0	0.0	12.112249229963236	2.0523173364405785	0.031072451200896044
136-137	9.032689302586059E-5	0.0	0.0	12.34303444164431	2.1571416957970895	0.03143375877299949
138-139	9.032689302586059E-5	0.0	0.0	12.566774155669368	2.2503590493997776	0.03161441255905121
>>END_MODULE
